8.695554733276367188e-01
8.125259280204772949e-01
8.182569146156311035e-01
8.143621087074279785e-01
8.502092361450195312e-01
8.367222547531127930e-01
8.345765471458435059e-01
8.015459775924682617e-01
7.986910939216613770e-01
7.621667385101318359e-01
7.578998804092407227e-01
7.465437054634094238e-01
7.459115386009216309e-01
7.508252263069152832e-01
7.300271987915039062e-01
7.133828997611999512e-01
7.135108709335327148e-01
7.044036388397216797e-01
6.978386640548706055e-01
6.834594011306762695e-01
6.917522549629211426e-01
6.738514900207519531e-01
6.814949512481689453e-01
6.595440506935119629e-01
6.845086812973022461e-01
6.761861443519592285e-01
6.670116186141967773e-01
6.582641601562500000e-01
6.688722968101501465e-01
6.625468134880065918e-01
6.648031473159790039e-01
6.619358062744140625e-01
6.433160901069641113e-01
6.553131937980651855e-01
6.496089696884155273e-01
6.570178270339965820e-01
6.464726328849792480e-01
6.407511830329895020e-01
6.498731374740600586e-01
6.327008008956909180e-01
6.343990564346313477e-01
6.385264992713928223e-01
6.300081014633178711e-01
6.326382160186767578e-01
6.311345696449279785e-01
6.270253062248229980e-01
6.396425962448120117e-01
6.543121337890625000e-01
6.295034885406494141e-01
6.335158944129943848e-01
6.554989814758300781e-01
6.335363388061523438e-01
6.423436403274536133e-01
6.330013871192932129e-01
6.526699066162109375e-01
6.386114954948425293e-01
6.557324528694152832e-01
6.286891102790832520e-01
6.662518382072448730e-01
6.444628834724426270e-01
6.319295167922973633e-01
6.463168263435363770e-01
6.299605369567871094e-01
6.347568631172180176e-01
6.391633152961730957e-01
6.349086761474609375e-01
6.511851549148559570e-01
6.552003622055053711e-01
6.527333259582519531e-01
6.613938808441162109e-01
6.441940069198608398e-01
6.538661718368530273e-01
6.314656138420104980e-01
6.355055570602416992e-01
6.429312229156494141e-01
6.439244151115417480e-01
6.481356620788574219e-01
6.495679020881652832e-01
6.336167454719543457e-01
6.460351943969726562e-01
6.352444291114807129e-01
6.329682469367980957e-01
6.312206983566284180e-01
6.375938057899475098e-01
6.380341053009033203e-01
6.443415880203247070e-01
6.359671354293823242e-01
6.392672061920166016e-01
6.530129313468933105e-01
6.338435411453247070e-01
6.414424180984497070e-01
6.401613950729370117e-01
6.307868957519531250e-01
6.405961513519287109e-01
6.527979969978332520e-01
6.369525194168090820e-01
6.460539102554321289e-01
6.362438201904296875e-01
6.317956447601318359e-01
6.372970342636108398e-01
6.420375704765319824e-01
6.515378355979919434e-01
6.353622078895568848e-01
6.491820216178894043e-01
6.489485502243041992e-01
6.376734972000122070e-01
6.359335780143737793e-01
6.428046226501464844e-01
6.430035233497619629e-01
6.388243436813354492e-01
6.390049457550048828e-01
6.450959444046020508e-01
6.369087100028991699e-01
6.408082842826843262e-01
6.436879634857177734e-01
6.417044997215270996e-01
6.393191218376159668e-01
6.425694227218627930e-01
6.477360725402832031e-01
6.371706724166870117e-01
6.409825682640075684e-01
6.440177559852600098e-01
6.363000273704528809e-01
6.451101303100585938e-01
6.323817372322082520e-01
6.391854882240295410e-01
6.342266798019409180e-01
6.361861824989318848e-01
6.366932988166809082e-01
6.294176578521728516e-01
6.364918351173400879e-01
6.361871361732482910e-01
6.349106431007385254e-01
6.396564245223999023e-01
6.328275799751281738e-01
6.321871280670166016e-01
6.434697508811950684e-01
6.375434398651123047e-01
6.262325644493103027e-01
6.349009871482849121e-01
6.455960869789123535e-01
6.372483372688293457e-01
6.344425678253173828e-01
6.383644938468933105e-01
6.378392577171325684e-01
6.377729177474975586e-01
6.337883472442626953e-01
6.370992660522460938e-01
6.361095309257507324e-01
6.379742026329040527e-01
6.280980110168457031e-01
6.366458535194396973e-01
6.341044306755065918e-01
6.302423477172851562e-01
6.417450904846191406e-01
6.332696080207824707e-01
6.331405639648437500e-01
6.371278762817382812e-01
6.338182687759399414e-01
6.392521262168884277e-01
6.387396454811096191e-01
6.348436474800109863e-01
6.353877186775207520e-01
6.294988393783569336e-01
6.365164518356323242e-01
6.391822099685668945e-01
6.351664066314697266e-01
6.394002437591552734e-01
6.399790048599243164e-01
6.348254680633544922e-01
6.438637375831604004e-01
6.365990042686462402e-01
6.401891708374023438e-01
6.424840092658996582e-01
6.315794587135314941e-01
6.420117616653442383e-01
6.368783712387084961e-01
6.286369562149047852e-01
6.400142312049865723e-01
6.405819654464721680e-01
6.408355236053466797e-01
6.434327960014343262e-01
6.460795998573303223e-01
6.443899273872375488e-01
6.407674551010131836e-01
6.387761235237121582e-01
6.372559666633605957e-01
6.404103040695190430e-01
6.317172050476074219e-01
6.386977434158325195e-01
6.398552060127258301e-01
6.426585316658020020e-01
6.379103660583496094e-01
6.435278058052062988e-01
6.398540735244750977e-01
6.291995644569396973e-01
6.312643885612487793e-01
6.352200508117675781e-01
6.319586038589477539e-01
6.332604885101318359e-01
6.392673254013061523e-01
6.415856480598449707e-01
6.388451457023620605e-01
6.379685401916503906e-01
6.381136178970336914e-01
6.398283243179321289e-01
6.330257654190063477e-01
6.409183740615844727e-01
6.384324431419372559e-01
6.422432065010070801e-01
6.394287943840026855e-01
6.433626413345336914e-01
6.349877715110778809e-01
6.350816488265991211e-01
6.371384859085083008e-01
6.363459825515747070e-01
6.442795395851135254e-01
6.389946341514587402e-01
6.447370052337646484e-01
6.359619498252868652e-01
6.376248598098754883e-01
6.419221162796020508e-01
6.362497210502624512e-01
6.336133480072021484e-01
6.380920410156250000e-01
6.346029043197631836e-01
6.410024762153625488e-01
6.377191543579101562e-01
6.400539278984069824e-01
6.413918137550354004e-01
6.411756873130798340e-01
6.421451568603515625e-01
6.393105983734130859e-01
6.369752883911132812e-01
6.386994719505310059e-01
6.395097374916076660e-01
6.401582360267639160e-01
6.370970010757446289e-01
6.304561495780944824e-01
6.378560066223144531e-01
6.316989660263061523e-01
6.348031759262084961e-01
6.412277817726135254e-01
6.389473676681518555e-01
6.400090456008911133e-01
6.341396570205688477e-01
6.349837779998779297e-01
6.339134573936462402e-01
6.355232000350952148e-01
6.365390419960021973e-01
6.384397745132446289e-01
6.331282258033752441e-01
6.290134787559509277e-01
6.368097662925720215e-01
6.360411643981933594e-01
6.404321193695068359e-01
6.341879963874816895e-01
6.359812617301940918e-01
6.384245157241821289e-01
6.397011876106262207e-01
6.380867362022399902e-01
6.378816366195678711e-01
6.393203139305114746e-01
6.348754763603210449e-01
6.398298740386962891e-01
6.325274109840393066e-01
6.264899373054504395e-01
6.366411447525024414e-01
6.391751170158386230e-01
6.350728869438171387e-01
6.328778862953186035e-01
6.372687220573425293e-01
6.398739218711853027e-01
6.387909650802612305e-01
6.420651078224182129e-01
6.384593248367309570e-01
6.376715302467346191e-01
6.391291022300720215e-01
6.349552273750305176e-01
6.406248807907104492e-01
6.327559351921081543e-01
6.362466216087341309e-01
6.381389498710632324e-01
6.425740122795104980e-01
6.403967738151550293e-01
6.334271430969238281e-01
6.367914080619812012e-01
6.366090774536132812e-01
6.357972621917724609e-01
6.386464834213256836e-01
6.284331679344177246e-01
6.334260702133178711e-01
6.266991496086120605e-01
6.419307589530944824e-01
6.336289048194885254e-01
6.390794515609741211e-01
6.368629932403564453e-01
6.276086568832397461e-01
6.311123967170715332e-01
6.385005116462707520e-01
6.368547081947326660e-01
6.388615369796752930e-01
6.388418674468994141e-01
6.277747750282287598e-01
6.409786939620971680e-01
6.384323239326477051e-01
6.372162699699401855e-01
6.299612522125244141e-01
6.344227790832519531e-01
6.343984603881835938e-01
6.321900486946105957e-01
6.321452856063842773e-01
6.346141099929809570e-01
6.297893524169921875e-01
6.377537250518798828e-01
6.395158171653747559e-01
6.357356905937194824e-01
6.400281190872192383e-01
6.390823721885681152e-01
6.345945596694946289e-01
6.232469081878662109e-01
6.356309652328491211e-01
6.406468152999877930e-01
6.360251903533935547e-01
6.351548433303833008e-01
6.325015425682067871e-01
6.374227404594421387e-01
6.422152519226074219e-01
6.320315003395080566e-01
6.408965587615966797e-01
6.419289112091064453e-01
6.317129731178283691e-01
6.393890976905822754e-01
6.381828784942626953e-01
6.329113245010375977e-01
6.311339735984802246e-01
6.375585794448852539e-01
6.362930536270141602e-01
6.367383599281311035e-01
6.361100077629089355e-01
6.387581229209899902e-01
6.355924010276794434e-01
6.316462159156799316e-01
6.360364556312561035e-01
6.373393535614013672e-01
6.401116847991943359e-01
6.228980422019958496e-01
6.347609758377075195e-01
6.286410689353942871e-01
6.340511441230773926e-01
6.383482813835144043e-01
6.366523504257202148e-01
6.288440227508544922e-01
6.381263136863708496e-01
6.351143717765808105e-01
6.338492631912231445e-01
6.273602247238159180e-01
6.384932994842529297e-01
6.380964517593383789e-01
6.387260556221008301e-01
6.315069794654846191e-01
6.289916038513183594e-01
6.291739344596862793e-01
6.308763027191162109e-01
6.309834718704223633e-01
6.355109214782714844e-01
6.382396221160888672e-01
6.305658221244812012e-01
6.415708661079406738e-01
6.370275020599365234e-01
6.347125768661499023e-01
6.328340172767639160e-01
6.347723007202148438e-01
6.386265158653259277e-01
6.399182677268981934e-01
6.344280838966369629e-01
6.288081407546997070e-01
6.342634558677673340e-01
6.284012794494628906e-01
6.314526200294494629e-01
6.358367800712585449e-01
6.371543407440185547e-01
6.379536986351013184e-01
6.190661191940307617e-01
6.322394013404846191e-01
6.296148896217346191e-01
6.358878612518310547e-01
6.328178048133850098e-01
6.352323293685913086e-01
6.308295726776123047e-01
6.372492909431457520e-01
6.252416968345642090e-01
6.380316019058227539e-01
6.335386037826538086e-01
6.415258049964904785e-01
6.265040636062622070e-01
6.422182321548461914e-01
6.351304650306701660e-01
6.398921608924865723e-01
6.321722269058227539e-01
6.199855208396911621e-01
6.290741562843322754e-01
6.356527805328369141e-01
6.325516700744628906e-01
6.229261755943298340e-01
6.305875778198242188e-01
6.358053088188171387e-01
6.333867907524108887e-01
6.310588121414184570e-01
6.387667059898376465e-01
6.403502225875854492e-01
6.254402399063110352e-01
6.400177478790283203e-01
6.243315935134887695e-01
6.294893026351928711e-01
6.329520344734191895e-01
6.423787474632263184e-01
6.362481713294982910e-01
6.212812662124633789e-01
6.281651258468627930e-01
6.415530443191528320e-01
6.454678177833557129e-01
6.355203986167907715e-01
6.406434774398803711e-01
6.335145235061645508e-01
6.214224100112915039e-01
6.214485764503479004e-01
6.220254302024841309e-01
6.316802501678466797e-01
6.378453969955444336e-01
6.399099826812744141e-01
6.393309235572814941e-01
6.304399371147155762e-01
6.386774182319641113e-01
6.285598874092102051e-01
6.219627857208251953e-01
6.144204735755920410e-01
6.114951372146606445e-01
6.402178406715393066e-01
6.420755982398986816e-01
6.405418515205383301e-01
6.210656166076660156e-01
6.459095478057861328e-01
6.342364549636840820e-01
6.424355506896972656e-01
6.444814801216125488e-01
6.348157525062561035e-01
6.385168433189392090e-01
6.388924121856689453e-01
6.314517855644226074e-01
6.311814188957214355e-01
6.354104280471801758e-01
6.388753056526184082e-01
6.446576118469238281e-01
6.338011026382446289e-01
6.261441707611083984e-01
6.132541894912719727e-01
6.358645558357238770e-01
6.299945116043090820e-01
6.423641443252563477e-01
6.158703565597534180e-01
6.360948681831359863e-01
6.415559649467468262e-01
6.299142241477966309e-01
6.375020742416381836e-01
6.375780701637268066e-01
6.332758069038391113e-01
6.366475224494934082e-01
6.206128001213073730e-01
6.178684234619140625e-01
6.399005651473999023e-01
6.401935219764709473e-01
6.252641081809997559e-01
6.370518207550048828e-01
6.139731407165527344e-01
6.340160369873046875e-01
6.195636391639709473e-01
6.385093927383422852e-01
6.393054723739624023e-01
6.376841068267822266e-01
6.392537951469421387e-01
6.199048757553100586e-01
6.251113414764404297e-01
6.334629654884338379e-01
6.475286483764648438e-01
6.272909641265869141e-01
6.358076930046081543e-01
6.284735798835754395e-01
6.384729743003845215e-01
6.213333010673522949e-01
6.412596702575683594e-01
6.377765536308288574e-01
6.360818743705749512e-01
6.234520673751831055e-01
6.420326232910156250e-01
6.380735039710998535e-01
6.087211370468139648e-01
6.452625989913940430e-01
6.064900159835815430e-01
6.410148143768310547e-01
6.155333518981933594e-01
6.332021951675415039e-01
6.262723207473754883e-01
6.354880332946777344e-01
6.392991542816162109e-01
6.194913387298583984e-01
6.246751546859741211e-01
6.394226551055908203e-01
6.359214186668395996e-01
6.240552663803100586e-01
6.200498938560485840e-01
6.414120793342590332e-01
6.255201697349548340e-01
6.238476037979125977e-01
6.347441673278808594e-01
6.385819911956787109e-01
6.176430583000183105e-01
6.354676485061645508e-01
6.313025355339050293e-01
6.390199661254882812e-01
6.286780238151550293e-01
6.129873991012573242e-01
6.296684145927429199e-01
6.208333969116210938e-01
6.400344967842102051e-01
6.386715769767761230e-01
6.347458958625793457e-01
6.517838239669799805e-01
6.401489377021789551e-01
6.298989057540893555e-01
6.295578479766845703e-01
6.249474287033081055e-01
6.343508362770080566e-01
6.267887353897094727e-01
6.335878372192382812e-01
6.264223456382751465e-01
5.960592627525329590e-01
6.069972515106201172e-01
6.299908757209777832e-01
6.169688105583190918e-01
6.263527870178222656e-01
6.283068656921386719e-01
6.053951978683471680e-01
6.225759387016296387e-01
5.982346534729003906e-01
6.182144880294799805e-01
6.158177256584167480e-01
6.201239228248596191e-01
6.309735178947448730e-01
6.362252235412597656e-01
6.438062787055969238e-01
6.469666361808776855e-01
6.292821764945983887e-01
6.166016459465026855e-01
6.151652336120605469e-01
6.399831175804138184e-01
6.329208612442016602e-01
6.171900629997253418e-01
6.277816295623779297e-01
6.376242041587829590e-01
6.302093863487243652e-01
6.122869253158569336e-01
6.247198581695556641e-01
6.303490996360778809e-01
6.336304545402526855e-01
6.024845838546752930e-01
6.170102953910827637e-01
6.348779201507568359e-01
6.006555557250976562e-01
6.557051539421081543e-01
6.439380645751953125e-01
6.308810114860534668e-01
6.396924853324890137e-01
6.302873492240905762e-01
6.114149689674377441e-01
6.287907958030700684e-01
6.204627156257629395e-01
6.375023722648620605e-01
6.317236423492431641e-01
5.767402648925781250e-01
6.392718553543090820e-01
6.403051614761352539e-01
6.478760242462158203e-01
6.448501348495483398e-01
6.049634814262390137e-01
6.338815093040466309e-01
6.414604783058166504e-01
6.414003968238830566e-01
6.341299414634704590e-01
6.070327758789062500e-01
6.442868709564208984e-01
6.558817028999328613e-01
6.444290876388549805e-01
5.763568878173828125e-01
6.336871385574340820e-01
6.515633463859558105e-01
6.112847328186035156e-01
6.290887594223022461e-01
6.246166229248046875e-01
6.325812339782714844e-01
6.071096658706665039e-01
6.096953153610229492e-01
5.871431827545166016e-01
6.033914685249328613e-01
6.403930187225341797e-01
6.221165060997009277e-01
6.032763719558715820e-01
6.419576406478881836e-01
6.154289245605468750e-01
6.044362187385559082e-01
6.378861069679260254e-01
6.071652173995971680e-01
6.049715280532836914e-01
6.373369097709655762e-01
6.411788463592529297e-01
6.396303772926330566e-01
6.246539950370788574e-01
6.448015570640563965e-01
6.346693634986877441e-01
6.267874836921691895e-01
6.265873908996582031e-01
6.346587538719177246e-01
6.469731330871582031e-01
6.343211531639099121e-01
6.346544027328491211e-01
6.026342511177062988e-01
6.368715167045593262e-01
6.292784810066223145e-01
6.102848649024963379e-01
6.349501013755798340e-01
6.109920740127563477e-01
6.317932009696960449e-01
6.343080997467041016e-01
6.222186088562011719e-01
6.382996439933776855e-01
6.031914353370666504e-01
6.102567911148071289e-01
6.609857678413391113e-01
6.107461452484130859e-01
6.073470711708068848e-01
5.741001963615417480e-01
6.530860066413879395e-01
6.263908147811889648e-01
6.283496618270874023e-01
6.402744650840759277e-01
6.107946634292602539e-01
5.874128937721252441e-01
6.547812819480895996e-01
6.456651687622070312e-01
6.243103146553039551e-01
6.417837738990783691e-01
6.340734958648681641e-01
6.355847716331481934e-01
6.255013346672058105e-01
6.417106986045837402e-01
6.320622563362121582e-01
6.418458223342895508e-01
6.214463710784912109e-01
6.382800936698913574e-01
6.390701532363891602e-01
6.442221403121948242e-01
6.240069866180419922e-01
6.300872564315795898e-01
5.967606306076049805e-01
6.065970063209533691e-01
6.229192614555358887e-01
6.292762756347656250e-01
6.506958007812500000e-01
6.023871302604675293e-01
6.108765602111816406e-01
5.967379212379455566e-01
6.395312547683715820e-01
6.402723193168640137e-01
6.304360032081604004e-01
6.237080693244934082e-01
6.439814567565917969e-01
6.476463675498962402e-01
5.859755277633666992e-01
6.020850539207458496e-01
6.219928264617919922e-01
6.368703246116638184e-01
6.399483680725097656e-01
6.153373718261718750e-01
6.108878254890441895e-01
6.562213897705078125e-01
6.334820985794067383e-01
6.430594921112060547e-01
6.384123563766479492e-01
6.557706594467163086e-01
6.018102169036865234e-01
6.086121201515197754e-01
5.783686637878417969e-01
5.968235135078430176e-01
6.204893589019775391e-01
6.048401594161987305e-01
6.610693931579589844e-01
6.357745528221130371e-01
6.071395874023437500e-01
6.258111596107482910e-01
6.441658735275268555e-01
6.505573391914367676e-01
6.248395442962646484e-01
5.928290486335754395e-01
6.098883748054504395e-01
6.585329174995422363e-01
6.260536313056945801e-01
6.190488934516906738e-01
6.039926409721374512e-01
6.097294092178344727e-01
6.317175030708312988e-01
6.343025565147399902e-01
6.100025773048400879e-01
5.984943509101867676e-01
6.284557580947875977e-01
6.157477498054504395e-01
5.776219964027404785e-01
5.699848532676696777e-01
6.059022545814514160e-01
6.453383564949035645e-01
6.251863241195678711e-01
6.541145443916320801e-01
6.392944455146789551e-01
6.363911628723144531e-01
6.378636956214904785e-01
6.323186159133911133e-01
5.899592638015747070e-01
6.399804353713989258e-01
6.140219569206237793e-01
6.457688808441162109e-01
6.275844573974609375e-01
6.353200674057006836e-01
6.267637610435485840e-01
6.052841544151306152e-01
6.384589672088623047e-01
6.288347840309143066e-01
5.990502834320068359e-01
5.979600548744201660e-01
6.115432977676391602e-01
6.410048604011535645e-01
6.340849399566650391e-01
6.191018223762512207e-01
6.436734795570373535e-01
6.331247091293334961e-01
6.228992342948913574e-01
6.304197907447814941e-01
6.067692637443542480e-01
5.903052687644958496e-01
5.700489282608032227e-01
6.333555579185485840e-01
5.724672079086303711e-01
6.206692457199096680e-01
6.368219852447509766e-01
6.084232926368713379e-01
6.405400037765502930e-01
6.407662034034729004e-01
6.141574382781982422e-01
6.144692301750183105e-01
6.342812180519104004e-01
5.906493067741394043e-01
6.449049115180969238e-01
5.945280790328979492e-01
6.337563991546630859e-01
6.325718760490417480e-01
5.734711885452270508e-01
6.388398408889770508e-01
6.099570989608764648e-01
6.182481050491333008e-01
6.008492112159729004e-01
6.371214985847473145e-01
5.936735272407531738e-01
6.108924150466918945e-01
6.325848698616027832e-01
6.309380531311035156e-01
6.184176206588745117e-01
6.382361650466918945e-01
6.462314724922180176e-01
6.273220777511596680e-01
6.320992708206176758e-01
6.383072733879089355e-01
6.332998275756835938e-01
6.338006258010864258e-01
6.224451065063476562e-01
6.165936589241027832e-01
6.345101594924926758e-01
6.514137983322143555e-01
5.914290547370910645e-01
6.396777033805847168e-01
6.369238495826721191e-01
6.154379248619079590e-01
6.427156925201416016e-01
6.450911760330200195e-01
6.256658434867858887e-01
5.956256985664367676e-01
5.655720233917236328e-01
6.217408776283264160e-01
5.811867117881774902e-01
6.440014839172363281e-01
6.382057666778564453e-01
6.547014713287353516e-01
6.421711444854736328e-01
6.183683872222900391e-01
5.997747182846069336e-01
5.867437720298767090e-01
6.264623403549194336e-01
6.160281300544738770e-01
6.359277367591857910e-01
6.187939047813415527e-01
6.074625849723815918e-01
6.163442730903625488e-01
5.624785423278808594e-01
6.078339815139770508e-01
6.255055069923400879e-01
6.617740392684936523e-01
6.105277538299560547e-01
6.129363179206848145e-01
6.403868794441223145e-01
6.182184815406799316e-01
6.428411602973937988e-01
6.482403278350830078e-01
6.389764547348022461e-01
6.161895990371704102e-01
6.356533765792846680e-01
6.360660195350646973e-01
5.889612436294555664e-01
5.950486660003662109e-01
6.696202158927917480e-01
6.379709839820861816e-01
6.328028440475463867e-01
6.411589980125427246e-01
6.418402194976806641e-01
6.261024475097656250e-01
6.576021313667297363e-01
6.606857180595397949e-01
6.419081687927246094e-01
6.565726399421691895e-01
6.418691873550415039e-01
6.398817300796508789e-01
5.598511099815368652e-01
5.805499553680419922e-01
6.102783083915710449e-01
5.976634025573730469e-01
6.124663949012756348e-01
5.710377693176269531e-01
6.482135653495788574e-01
5.654078125953674316e-01
5.866965055465698242e-01
6.064926981925964355e-01
6.421095132827758789e-01
6.404925584793090820e-01
5.795010924339294434e-01
5.962811708450317383e-01
6.541040539741516113e-01
6.559409499168395996e-01
6.515531539916992188e-01
6.062244772911071777e-01
6.375978589057922363e-01
5.942141413688659668e-01
6.403098702430725098e-01
5.702301263809204102e-01
5.799012780189514160e-01
5.873654484748840332e-01
5.850579142570495605e-01
6.533474326133728027e-01
6.413936614990234375e-01
6.144650578498840332e-01
6.550488471984863281e-01
6.346203088760375977e-01
6.398977637290954590e-01
6.235394477844238281e-01
6.317405104637145996e-01
6.471096277236938477e-01
6.297634243965148926e-01
5.874418020248413086e-01
6.445862054824829102e-01
6.276178956031799316e-01
6.151981353759765625e-01
6.043106317520141602e-01
6.428894400596618652e-01
5.939791798591613770e-01
6.165876388549804688e-01
6.389676928520202637e-01
6.392117738723754883e-01
6.442180275917053223e-01
6.066671609878540039e-01
6.453920006752014160e-01
5.906389951705932617e-01
6.520797610282897949e-01
6.526767611503601074e-01
5.879732370376586914e-01
6.358289122581481934e-01
6.025044322013854980e-01
6.057635545730590820e-01
6.425944566726684570e-01
6.386680006980895996e-01
6.008153557777404785e-01
6.187705993652343750e-01
6.474369764328002930e-01
6.440985202789306641e-01
5.946200489997863770e-01
5.793073177337646484e-01
6.368897557258605957e-01
6.199720501899719238e-01
6.500660181045532227e-01
6.421862840652465820e-01
6.439335942268371582e-01
6.365295648574829102e-01
6.040313839912414551e-01
6.424284577369689941e-01
6.072909235954284668e-01
6.500989198684692383e-01
6.003991365432739258e-01
6.413570642471313477e-01
6.324881911277770996e-01
5.900530219078063965e-01
5.934564471244812012e-01
6.389106512069702148e-01
6.211094856262207031e-01
6.288973689079284668e-01
6.438624262809753418e-01
6.541654467582702637e-01
6.167209744453430176e-01
6.387677192687988281e-01
6.187721490859985352e-01
6.483187675476074219e-01
6.488446593284606934e-01
6.347150802612304688e-01
6.552777886390686035e-01
6.373867988586425781e-01
6.407617330551147461e-01
5.872289538383483887e-01
6.124711632728576660e-01
6.467155218124389648e-01
6.385019421577453613e-01
6.545853018760681152e-01
5.872371196746826172e-01
6.555056571960449219e-01
6.473420262336730957e-01
6.172766089439392090e-01
6.338815689086914062e-01
5.616368055343627930e-01
6.495594978332519531e-01
6.464846134185791016e-01
6.551396250724792480e-01
6.426898241043090820e-01
6.314865946769714355e-01
6.321388483047485352e-01
6.453161239624023438e-01
5.755923986434936523e-01
6.289414763450622559e-01
6.361740827560424805e-01
6.451653838157653809e-01
6.463804841041564941e-01
6.460422873497009277e-01
6.467251777648925781e-01
6.201713085174560547e-01
6.032216548919677734e-01
5.842956900596618652e-01
6.018317341804504395e-01
6.428750157356262207e-01
6.066322922706604004e-01
5.523235797882080078e-01
6.542368531227111816e-01
6.539909243583679199e-01
6.406658291816711426e-01
5.984678268432617188e-01
6.625329852104187012e-01
6.440138220787048340e-01
5.861417055130004883e-01
5.715222358703613281e-01
6.298441886901855469e-01
6.242147088050842285e-01
6.549910902976989746e-01
6.364223957061767578e-01
6.329890489578247070e-01
5.884927511215209961e-01
6.527983546257019043e-01
6.371027827262878418e-01
6.259428858757019043e-01
6.366426944732666016e-01
6.016668081283569336e-01
6.237267255783081055e-01
6.251804232597351074e-01
6.328053474426269531e-01
5.383098125457763672e-01
6.009277701377868652e-01
6.197587251663208008e-01
6.524863243103027344e-01
6.272780895233154297e-01
6.202490925788879395e-01
6.357413530349731445e-01
6.067259311676025391e-01
5.808343887329101562e-01
6.237989068031311035e-01
6.293408274650573730e-01
5.649094581604003906e-01
6.404331326484680176e-01
5.932561159133911133e-01
6.404142379760742188e-01
6.427489519119262695e-01
6.349862217903137207e-01
6.287207603454589844e-01
6.035358905792236328e-01
6.086506843566894531e-01
6.468475461006164551e-01
5.626325011253356934e-01
6.500782370567321777e-01
6.310715675354003906e-01
6.386665701866149902e-01
6.409749388694763184e-01
6.273583173751831055e-01
6.466515064239501953e-01
5.880615711212158203e-01
6.184099316596984863e-01
6.316109299659729004e-01
6.176154613494873047e-01
6.438252925872802734e-01
6.447148919105529785e-01
5.865780115127563477e-01
5.748775601387023926e-01
5.638114213943481445e-01
6.237404346466064453e-01
6.503862738609313965e-01
6.392920613288879395e-01
5.986754894256591797e-01
6.054428219795227051e-01
6.261690258979797363e-01
5.718008875846862793e-01
6.061152219772338867e-01
6.378897428512573242e-01
6.295311450958251953e-01
6.353091597557067871e-01
6.116496324539184570e-01
6.189654469490051270e-01
6.139081716537475586e-01
6.140603423118591309e-01
6.452093720436096191e-01
5.682622194290161133e-01
6.351160407066345215e-01
6.354719996452331543e-01
6.221081018447875977e-01
6.320760250091552734e-01
5.578175187110900879e-01
5.451013445854187012e-01
6.487996578216552734e-01
6.403113603591918945e-01
6.454380750656127930e-01
6.052936911582946777e-01
5.781054496765136719e-01
5.668044686317443848e-01
6.473775506019592285e-01
6.307740211486816406e-01
6.338817477226257324e-01
6.097937822341918945e-01
6.289423704147338867e-01
6.518733501434326172e-01
6.664410233497619629e-01
5.593875050544738770e-01
5.510035753250122070e-01
6.201188564300537109e-01
6.548767685890197754e-01
6.316047310829162598e-01
6.469676494598388672e-01
6.453549265861511230e-01
6.510881185531616211e-01
6.207562088966369629e-01
5.978571176528930664e-01
6.104949712753295898e-01
5.721449851989746094e-01
6.264230012893676758e-01
6.496656537055969238e-01
5.885215997695922852e-01
5.573680400848388672e-01
6.254894137382507324e-01
5.930901169776916504e-01
6.353393197059631348e-01
5.601798892021179199e-01
5.876060128211975098e-01
5.310483574867248535e-01
6.114600896835327148e-01
6.054336428642272949e-01
5.425233840942382812e-01
6.177179813385009766e-01
6.340305209159851074e-01
6.638123393058776855e-01
6.108786463737487793e-01
6.152612566947937012e-01
6.231269240379333496e-01
6.340351700782775879e-01
6.209486126899719238e-01
6.297682523727416992e-01
5.822473764419555664e-01
6.145342588424682617e-01
6.363452076911926270e-01
5.557929277420043945e-01
5.845004320144653320e-01
6.247035861015319824e-01
6.315705180168151855e-01
5.714539885520935059e-01
5.822680592536926270e-01
6.229673624038696289e-01
6.664709448814392090e-01
6.398284435272216797e-01
6.515479683876037598e-01
6.416189074516296387e-01
5.966846942901611328e-01
5.687186121940612793e-01
6.462286710739135742e-01
6.460120677947998047e-01
6.338144540786743164e-01
5.940028429031372070e-01
6.359748840332031250e-01
6.684350371360778809e-01
5.782659053802490234e-01
5.689859390258789062e-01
5.518997311592102051e-01
6.146559715270996094e-01
6.305455565452575684e-01
5.997053384780883789e-01
6.503635644912719727e-01
5.629166364669799805e-01
5.997674465179443359e-01
5.905268192291259766e-01
5.560747981071472168e-01
6.006614565849304199e-01
5.961130261421203613e-01
6.308186054229736328e-01
6.553393006324768066e-01
6.135204434394836426e-01
6.307251453399658203e-01
6.217577457427978516e-01
6.352525949478149414e-01
6.064546704292297363e-01
5.740315318107604980e-01
6.463671326637268066e-01
6.352470517158508301e-01
6.017988920211791992e-01
5.430026650428771973e-01
6.615630388259887695e-01
5.472189784049987793e-01
6.503202915191650391e-01
5.822946429252624512e-01
6.060274243354797363e-01
6.441609859466552734e-01
5.893023014068603516e-01
6.228708624839782715e-01
5.812500119209289551e-01
6.535039544105529785e-01
6.246352791786193848e-01
6.559500098228454590e-01
6.302023530006408691e-01
6.321060061454772949e-01
6.594665050506591797e-01
5.877063870429992676e-01
6.430467367172241211e-01
5.955072045326232910e-01
6.435653567314147949e-01
5.657049417495727539e-01
6.656748056411743164e-01
6.470943093299865723e-01
6.022182106971740723e-01
5.900785923004150391e-01
5.986272096633911133e-01
6.480277180671691895e-01
6.541821956634521484e-01
6.121606230735778809e-01
6.106408238410949707e-01
6.553344726562500000e-01
5.641361474990844727e-01
6.463637351989746094e-01
5.929697155952453613e-01
6.182751059532165527e-01
6.399250626564025879e-01
6.341579556465148926e-01
6.436749696731567383e-01
6.170883178710937500e-01
6.464806795120239258e-01
6.171008944511413574e-01
6.484072208404541016e-01
6.418582797050476074e-01
6.560487151145935059e-01
6.478170752525329590e-01
5.856626629829406738e-01
6.533761024475097656e-01
6.437215209007263184e-01
6.452131867408752441e-01
5.390918850898742676e-01
5.867161154747009277e-01
6.249374151229858398e-01
6.188874244689941406e-01
5.402060747146606445e-01
5.644248127937316895e-01
5.936456322669982910e-01
6.539459228515625000e-01
5.652062892913818359e-01
5.275511741638183594e-01
5.617433786392211914e-01
6.039887070655822754e-01
6.458387374877929688e-01
6.407114267349243164e-01
6.364377737045288086e-01
6.388804912567138672e-01
5.982778668403625488e-01
5.686347484588623047e-01
6.252133250236511230e-01
6.208915114402770996e-01
5.719493627548217773e-01
6.295405030250549316e-01
5.630483031272888184e-01
6.514306664466857910e-01
5.914964079856872559e-01
6.445090770721435547e-01
5.716753005981445312e-01
6.409434080123901367e-01
6.329128146171569824e-01
6.476064324378967285e-01
5.556038618087768555e-01
5.882359147071838379e-01
5.871578454971313477e-01
6.531764268875122070e-01
6.301882863044738770e-01
5.476399064064025879e-01
5.916053652763366699e-01
5.190976858139038086e-01
5.708421468734741211e-01
6.080754399299621582e-01
6.551444530487060547e-01
6.412076950073242188e-01
5.852400064468383789e-01
5.732346773147583008e-01
6.205556988716125488e-01
6.366287469863891602e-01
6.373149156570434570e-01
6.482765674591064453e-01
5.512850880622863770e-01
6.739310026168823242e-01
5.341377258300781250e-01
5.647477507591247559e-01
6.677103638648986816e-01
5.599266290664672852e-01
6.279612183570861816e-01
5.875747799873352051e-01
6.037321090698242188e-01
6.599588990211486816e-01
6.607163548469543457e-01
6.444102525711059570e-01
6.531458497047424316e-01
5.673335194587707520e-01
5.870317220687866211e-01
5.975156426429748535e-01
6.405625343322753906e-01
5.716508626937866211e-01
5.815417766571044922e-01
6.014881134033203125e-01
6.449846625328063965e-01
6.585912704467773438e-01
6.424606442451477051e-01
6.277055740356445312e-01
6.241427063941955566e-01
6.142818927764892578e-01
6.199289560317993164e-01
6.136283278465270996e-01
6.202015280723571777e-01
6.597045660018920898e-01
6.516832709312438965e-01
6.301973462104797363e-01
5.744600892066955566e-01
6.596864461898803711e-01
6.120770573616027832e-01
5.212464928627014160e-01
6.401367187500000000e-01
6.602034568786621094e-01
6.520071625709533691e-01
6.536332368850708008e-01
6.336407065391540527e-01
5.693397521972656250e-01
6.350239515304565430e-01
6.363502740859985352e-01
5.903636813163757324e-01
6.295503377914428711e-01
6.729066371917724609e-01
5.868332386016845703e-01
5.818439126014709473e-01
6.456593275070190430e-01
5.451318025588989258e-01
6.141853332519531250e-01
6.513524055480957031e-01
6.408163309097290039e-01
5.864395499229431152e-01
6.470441818237304688e-01
5.861642956733703613e-01
6.379514336585998535e-01
6.545659303665161133e-01
5.771812200546264648e-01
6.196802258491516113e-01
6.644365787506103516e-01
5.715335011482238770e-01
6.608928442001342773e-01
6.474000811576843262e-01
5.470770001411437988e-01
6.206837892532348633e-01
5.995498299598693848e-01
6.414932608604431152e-01
6.512579321861267090e-01
6.589916944503784180e-01
6.447812914848327637e-01
6.010416746139526367e-01
5.652629137039184570e-01
5.999912023544311523e-01
5.838747620582580566e-01
5.853504538536071777e-01
6.741130948066711426e-01
6.233168244361877441e-01
6.420556902885437012e-01
6.257265806198120117e-01
6.303439140319824219e-01
6.062670350074768066e-01
6.024671196937561035e-01
6.166129708290100098e-01
6.271327137947082520e-01
6.108359098434448242e-01
6.215618252754211426e-01
6.268756389617919922e-01
5.657874941825866699e-01
5.995811820030212402e-01
5.863323807716369629e-01
6.597910523414611816e-01
5.352354645729064941e-01
6.471606492996215820e-01
6.513330340385437012e-01
5.854226946830749512e-01
6.352902650833129883e-01
6.225752830505371094e-01
6.311601996421813965e-01
6.217348575592041016e-01
5.991995334625244141e-01
6.102482676506042480e-01
6.282413601875305176e-01
5.976512432098388672e-01
6.300438642501831055e-01
5.273474454879760742e-01
5.825389027595520020e-01
6.496794223785400391e-01
6.002125740051269531e-01
6.607586741447448730e-01
5.700160264968872070e-01
6.581441760063171387e-01
5.851500034332275391e-01
5.102685093879699707e-01
5.684754252433776855e-01
6.173838376998901367e-01
6.312020421028137207e-01
6.451478600502014160e-01
6.519361734390258789e-01
6.097722649574279785e-01
6.687479019165039062e-01
5.696520805358886719e-01
6.648478507995605469e-01
6.614202260971069336e-01
6.123517155647277832e-01
5.955591797828674316e-01
6.093381047248840332e-01
5.954264402389526367e-01
5.555035471916198730e-01
5.987685918807983398e-01
5.907885432243347168e-01
5.735961198806762695e-01
6.138056516647338867e-01
6.261465549468994141e-01
6.497333049774169922e-01
5.817145705223083496e-01
5.268840193748474121e-01
6.604813337326049805e-01
6.206619143486022949e-01
5.816541910171508789e-01
5.976164937019348145e-01
6.312313675880432129e-01
6.351280212402343750e-01
6.669352650642395020e-01
6.095966100692749023e-01
5.851593017578125000e-01
5.820336341857910156e-01
6.434318423271179199e-01
6.485319733619689941e-01
6.413763165473937988e-01
6.545820832252502441e-01
6.410515904426574707e-01
5.717917680740356445e-01
6.363117098808288574e-01
6.760160326957702637e-01
6.450394392013549805e-01
5.880301594734191895e-01
6.368000507354736328e-01
6.326631903648376465e-01
6.437309384346008301e-01
6.378609538078308105e-01
6.217225193977355957e-01
6.336492896080017090e-01
6.104187965393066406e-01
6.333033442497253418e-01
6.286575198173522949e-01
6.525994539260864258e-01
6.632645726203918457e-01
5.847204923629760742e-01
6.269179582595825195e-01
5.366123318672180176e-01
6.403567194938659668e-01
6.526619195938110352e-01
5.952340960502624512e-01
5.397353768348693848e-01
6.638844609260559082e-01
6.064456701278686523e-01
5.720795392990112305e-01
6.282908320426940918e-01
6.382671594619750977e-01
6.054973006248474121e-01
5.872572064399719238e-01
6.419851779937744141e-01
6.322463154792785645e-01
6.289704442024230957e-01
6.739840507507324219e-01
5.631758570671081543e-01
6.266402006149291992e-01
6.268795728683471680e-01
5.973636507987976074e-01
5.379335880279541016e-01
5.335822105407714844e-01
5.889819264411926270e-01
6.350576877593994141e-01
6.462778449058532715e-01
5.913888812065124512e-01
5.638166666030883789e-01
6.374041438102722168e-01
6.411648392677307129e-01
5.781341195106506348e-01
6.615001559257507324e-01
6.362879872322082520e-01
6.381359696388244629e-01
6.150781512260437012e-01
6.418750286102294922e-01
5.796301960945129395e-01
6.376224756240844727e-01
6.502409577369689941e-01
6.176182627677917480e-01
5.330436825752258301e-01
6.542860865592956543e-01
5.786930322647094727e-01
6.450900435447692871e-01
6.242416501045227051e-01
6.625018119812011719e-01
6.258769631385803223e-01
6.342081427574157715e-01
6.535741090774536133e-01
5.656442642211914062e-01
5.795975923538208008e-01
6.239333152770996094e-01
5.388180613517761230e-01
5.550572872161865234e-01
5.899119973182678223e-01
5.617868304252624512e-01
6.548275947570800781e-01
6.010823249816894531e-01
6.385927796363830566e-01
6.340761780738830566e-01
6.488643288612365723e-01
6.467024683952331543e-01
5.919620990753173828e-01
5.922655463218688965e-01
6.148916482925415039e-01
6.073705554008483887e-01
5.713151693344116211e-01
5.167431235313415527e-01
5.798665881156921387e-01
5.653505921363830566e-01
6.274490952491760254e-01
6.564742922782897949e-01
6.120288372039794922e-01
5.803857445716857910e-01
6.434751152992248535e-01
6.361464262008666992e-01
6.489451527595520020e-01
6.491417288780212402e-01
6.400992870330810547e-01
6.068404316902160645e-01
6.300356388092041016e-01
6.195418834686279297e-01
5.997269153594970703e-01
6.214809417724609375e-01
5.645552873611450195e-01
6.191834211349487305e-01
6.151956915855407715e-01
6.219743490219116211e-01
6.482896208763122559e-01
5.552055239677429199e-01
6.597737073898315430e-01
5.672855377197265625e-01
6.246175169944763184e-01
6.126381158828735352e-01
6.055216789245605469e-01
6.225574016571044922e-01
5.970699787139892578e-01
6.483135819435119629e-01
6.265107989311218262e-01
6.142428517341613770e-01
5.682681202888488770e-01
6.021130084991455078e-01
6.074771285057067871e-01
6.210569739341735840e-01
5.887063741683959961e-01
6.466928124427795410e-01
6.321292519569396973e-01
5.520064830780029297e-01
5.554696917533874512e-01
6.407243013381958008e-01
6.353613734245300293e-01
6.094550490379333496e-01
6.066511869430541992e-01
5.593881011009216309e-01
5.609756112098693848e-01
6.175014972686767578e-01
6.703975796699523926e-01
5.469009280204772949e-01
5.800342559814453125e-01
6.078431606292724609e-01
6.463701725006103516e-01
6.205738782882690430e-01
5.930742621421813965e-01
5.933499336242675781e-01
6.202349066734313965e-01
6.409512758255004883e-01
6.007958054542541504e-01
5.815000534057617188e-01
6.591111421585083008e-01
6.647514700889587402e-01
6.442521810531616211e-01
5.674988031387329102e-01
6.479301452636718750e-01
6.409227848052978516e-01
5.596056580543518066e-01
5.759354233741760254e-01
6.461819410324096680e-01
5.847243666648864746e-01
6.346886157989501953e-01
5.597154498100280762e-01
5.562943220138549805e-01
5.388764142990112305e-01
6.744332313537597656e-01
6.194767951965332031e-01
6.578580737113952637e-01
6.172086596488952637e-01
5.739912986755371094e-01
6.391951441764831543e-01
6.378990411758422852e-01
6.004588007926940918e-01
6.426461935043334961e-01
5.905278921127319336e-01
6.017469167709350586e-01
6.160848736763000488e-01
6.141139268875122070e-01
6.061848998069763184e-01
6.149575114250183105e-01
6.466944813728332520e-01
6.511008143424987793e-01
6.274833679199218750e-01
6.278703212738037109e-01
6.301361918449401855e-01
5.982398390769958496e-01
5.745181441307067871e-01
6.626617908477783203e-01
6.429384946823120117e-01
6.522253155708312988e-01
5.744537115097045898e-01
6.751050949096679688e-01
6.290467977523803711e-01
5.444538593292236328e-01
6.311589479446411133e-01
6.309885978698730469e-01
5.739904046058654785e-01
6.310654282569885254e-01
5.836051106452941895e-01
6.535388827323913574e-01
5.662220716476440430e-01
5.083927512168884277e-01
6.037186384201049805e-01
5.753833651542663574e-01
5.664341449737548828e-01
6.427897214889526367e-01
6.231976747512817383e-01
6.166518330574035645e-01
5.444673895835876465e-01
6.505090594291687012e-01
6.153410077095031738e-01
5.863276720046997070e-01
5.870937705039978027e-01
6.379002928733825684e-01
5.746004581451416016e-01
6.380618214607238770e-01
6.425535678863525391e-01
6.116631627082824707e-01
6.525176167488098145e-01
6.213974356651306152e-01
6.439105868339538574e-01
6.360256671905517578e-01
6.688293218612670898e-01
5.894266963005065918e-01
5.331360101699829102e-01
6.299516558647155762e-01
6.277493834495544434e-01
6.186537742614746094e-01
5.527359843254089355e-01
5.809900760650634766e-01
5.887424349784851074e-01
6.179871559143066406e-01
5.141527652740478516e-01
6.015988588333129883e-01
6.564424037933349609e-01
5.435857176780700684e-01
5.443964600563049316e-01
6.516097187995910645e-01
5.786200761795043945e-01
6.034783124923706055e-01
5.423714518547058105e-01
5.920537114143371582e-01
5.070390105247497559e-01
6.444206833839416504e-01
6.444813609123229980e-01
5.519362092018127441e-01
5.533959269523620605e-01
6.022032499313354492e-01
6.237968802452087402e-01
5.207649469375610352e-01
6.598185896873474121e-01
6.871230602264404297e-01
5.555291175842285156e-01
6.403750181198120117e-01
5.740082859992980957e-01
5.822876691818237305e-01
6.089630722999572754e-01
6.438063979148864746e-01
6.192519068717956543e-01
6.816756129264831543e-01
6.247063875198364258e-01
6.156957149505615234e-01
5.945962667465209961e-01
6.229279637336730957e-01
6.491674184799194336e-01
6.250337958335876465e-01
6.513732671737670898e-01
5.557453632354736328e-01
6.113923788070678711e-01
6.153833866119384766e-01
6.378770470619201660e-01
6.336671113967895508e-01
5.287842750549316406e-01
5.977490544319152832e-01
6.519442200660705566e-01
5.322499871253967285e-01
6.456180810928344727e-01
6.534421443939208984e-01
5.738193988800048828e-01
6.528297662734985352e-01
6.503269076347351074e-01
6.405585408210754395e-01
5.867549180984497070e-01
5.784816741943359375e-01
5.668923258781433105e-01
6.204867959022521973e-01
5.796914100646972656e-01
5.177126526832580566e-01
5.338703989982604980e-01
5.953583717346191406e-01
6.260737180709838867e-01
6.169995069503784180e-01
6.021880507469177246e-01
5.871916413307189941e-01
5.825238227844238281e-01
5.541068315505981445e-01
6.443848013877868652e-01
6.037533283233642578e-01
6.474757790565490723e-01
5.992642045021057129e-01
6.033568978309631348e-01
5.803684592247009277e-01
6.224552392959594727e-01
5.612120628356933594e-01
5.893673300743103027e-01
6.248450279235839844e-01
6.565595269203186035e-01
5.903118848800659180e-01
6.459445357322692871e-01
6.161460280418395996e-01
6.402856707572937012e-01
6.538715362548828125e-01
5.788848400115966797e-01
5.598342418670654297e-01
6.231323480606079102e-01
6.265212297439575195e-01
6.164212226867675781e-01
5.702521800994873047e-01
6.598263382911682129e-01
6.030271649360656738e-01
6.489026546478271484e-01
6.271077990531921387e-01
6.208077669143676758e-01
5.358984470367431641e-01
5.473194718360900879e-01
5.584374666213989258e-01
6.271779537200927734e-01
5.908164978027343750e-01
6.310924291610717773e-01
6.469498276710510254e-01
6.189158558845520020e-01
5.941715240478515625e-01
6.453530192375183105e-01
5.265718102455139160e-01
6.124649047851562500e-01
6.355475783348083496e-01
6.150929331779479980e-01
6.039279699325561523e-01
5.675696730613708496e-01
5.901814103126525879e-01
5.900248885154724121e-01
5.384937524795532227e-01
5.450283885002136230e-01
5.994291305541992188e-01
6.214686632156372070e-01
6.710950136184692383e-01
6.549023389816284180e-01
6.424197554588317871e-01
6.245430111885070801e-01
5.280581712722778320e-01
6.600819826126098633e-01
6.509743928909301758e-01
5.216332674026489258e-01
6.201553940773010254e-01
5.056669712066650391e-01
5.819903612136840820e-01
5.861302018165588379e-01
6.467986106872558594e-01
6.335870623588562012e-01
5.378612279891967773e-01
6.369876265525817871e-01
5.864963531494140625e-01
5.545792579650878906e-01
5.418402552604675293e-01
5.183951258659362793e-01
5.648768544197082520e-01
5.116629600524902344e-01
6.099292635917663574e-01
6.184817552566528320e-01
5.944917201995849609e-01
6.744464635848999023e-01
6.384121775627136230e-01
6.142252683639526367e-01
6.457124948501586914e-01
6.909396052360534668e-01
5.600640773773193359e-01
6.367760896682739258e-01
6.443870663642883301e-01
5.818041563034057617e-01
5.938019752502441406e-01
6.333529949188232422e-01
6.530060768127441406e-01
5.216764211654663086e-01
6.561310887336730957e-01
6.355522871017456055e-01
6.555015444755554199e-01
5.752558112144470215e-01
5.651859045028686523e-01
5.448236465454101562e-01
6.279304623603820801e-01
5.723891854286193848e-01
6.094806194305419922e-01
6.685382723808288574e-01
6.308563947677612305e-01
5.917450189590454102e-01
5.843141674995422363e-01
5.886810421943664551e-01
6.100859642028808594e-01
5.773414969444274902e-01
7.117351293563842773e-01
6.300060749053955078e-01
6.169519424438476562e-01
5.611665248870849609e-01
5.932395458221435547e-01
6.506039500236511230e-01
5.648937821388244629e-01
6.067088246345520020e-01
6.025141477584838867e-01
6.162872910499572754e-01
6.560415625572204590e-01
6.108595728874206543e-01
6.380633711814880371e-01
6.198205351829528809e-01
5.800976157188415527e-01
6.515501737594604492e-01
5.627253055572509766e-01
5.898045897483825684e-01
5.748575925827026367e-01
6.371721029281616211e-01
6.713562011718750000e-01
5.720820426940917969e-01
6.292695999145507812e-01
6.296847462654113770e-01
5.805237293243408203e-01
5.284078121185302734e-01
5.888256430625915527e-01
5.462365150451660156e-01
6.306627988815307617e-01
6.211264133453369141e-01
6.246572136878967285e-01
5.057208538055419922e-01
6.517101526260375977e-01
6.153919696807861328e-01
6.562357544898986816e-01
6.614363789558410645e-01
6.244615316390991211e-01
6.398069858551025391e-01
6.665149927139282227e-01
6.462120413780212402e-01
6.196297407150268555e-01
5.682109594345092773e-01
6.769438385963439941e-01
6.459052562713623047e-01
5.764139890670776367e-01
5.718355178833007812e-01
6.706178784370422363e-01
5.985909700393676758e-01
6.391824483871459961e-01
5.769237875938415527e-01
6.189649105072021484e-01
6.292042732238769531e-01
5.930088162422180176e-01
6.335232257843017578e-01
5.667980909347534180e-01
6.169198751449584961e-01
6.297970414161682129e-01
6.248693466186523438e-01
6.370986104011535645e-01
5.804461240768432617e-01
6.200665235519409180e-01
5.632638931274414062e-01
6.130216717720031738e-01
6.247506141662597656e-01
6.394640207290649414e-01
6.163517236709594727e-01
6.374491453170776367e-01
6.239442825317382812e-01
6.995822787284851074e-01
6.574943661689758301e-01
6.261534690856933594e-01
5.753909945487976074e-01
6.661444306373596191e-01
6.488518118858337402e-01
6.213660836219787598e-01
5.740405917167663574e-01
6.405749917030334473e-01
6.015735268592834473e-01
5.801943540573120117e-01
6.219488382339477539e-01
6.424221992492675781e-01
5.710334777832031250e-01
5.535845756530761719e-01
5.551792383193969727e-01
6.280466318130493164e-01
6.106792688369750977e-01
5.633460879325866699e-01
6.535784006118774414e-01
6.042495369911193848e-01
5.954716205596923828e-01
5.948038101196289062e-01
6.424376964569091797e-01
6.399157047271728516e-01
5.617145895957946777e-01
5.359345674514770508e-01
6.098482012748718262e-01
6.090148091316223145e-01
5.692299008369445801e-01
5.897520780563354492e-01
6.264097690582275391e-01
5.634649991989135742e-01
6.204685568809509277e-01
6.488177180290222168e-01
6.353638768196105957e-01
6.166021227836608887e-01
5.640881061553955078e-01
6.203700900077819824e-01
5.519496202468872070e-01
6.788291335105895996e-01
6.132357716560363770e-01
5.653100013732910156e-01
6.203738451004028320e-01
6.026659011840820312e-01
6.053442955017089844e-01
6.091680526733398438e-01
6.207036972045898438e-01
5.295018553733825684e-01
6.339528560638427734e-01
6.273007988929748535e-01
6.515815258026123047e-01
6.283389925956726074e-01
6.115860939025878906e-01
6.217232346534729004e-01
5.267022252082824707e-01
5.441199541091918945e-01
6.451746225357055664e-01
6.358286738395690918e-01
6.064555048942565918e-01
5.517872571945190430e-01
6.171998977661132812e-01
5.956747531890869141e-01
6.157776713371276855e-01
6.561477780342102051e-01
5.575475692749023438e-01
6.217827200889587402e-01
6.619332432746887207e-01
5.503884553909301758e-01
6.046161055564880371e-01
5.917519330978393555e-01
5.919399261474609375e-01
6.458774209022521973e-01
6.556222438812255859e-01
5.983023643493652344e-01
5.726203322410583496e-01
5.852989554405212402e-01
6.507666110992431641e-01
6.278842091560363770e-01
6.066613197326660156e-01
5.162837505340576172e-01
6.024285554885864258e-01
6.189169287681579590e-01
6.318433284759521484e-01
5.961853861808776855e-01
6.272095441818237305e-01
6.236951947212219238e-01
6.221509575843811035e-01
6.361426711082458496e-01
5.627896785736083984e-01
6.140122413635253906e-01
5.920206904411315918e-01
6.365748643875122070e-01
5.911586880683898926e-01
5.861952900886535645e-01
6.171346306800842285e-01
6.463538408279418945e-01
5.753262639045715332e-01
6.276454925537109375e-01
5.970875024795532227e-01
5.600804090499877930e-01
6.523697376251220703e-01
6.262024641036987305e-01
5.896641016006469727e-01
6.541831493377685547e-01
5.621086955070495605e-01
5.271883010864257812e-01
6.359234452247619629e-01
6.307612061500549316e-01
6.561062335968017578e-01
6.537081003189086914e-01
5.577647686004638672e-01
6.376446485519409180e-01
6.378687024116516113e-01
6.274005770683288574e-01
5.177549719810485840e-01
6.371096968650817871e-01
6.490433812141418457e-01
6.597391963005065918e-01
6.155366897583007812e-01
6.031906604766845703e-01
6.469535231590270996e-01
6.250661611557006836e-01
6.405892372131347656e-01
6.512476205825805664e-01
5.555328726768493652e-01
5.956829786300659180e-01
5.756876468658447266e-01
5.464504957199096680e-01
5.441439151763916016e-01
5.878668427467346191e-01
5.698859691619873047e-01
5.841922760009765625e-01
5.991184711456298828e-01
5.669308304786682129e-01
6.489248275756835938e-01
6.530873179435729980e-01
6.257368326187133789e-01
6.163622736930847168e-01
5.706523060798645020e-01
6.263163685798645020e-01
5.748432874679565430e-01
6.210479736328125000e-01
6.435042023658752441e-01
5.057646036148071289e-01
6.448949575424194336e-01
6.364885568618774414e-01
6.600120663642883301e-01
6.299585103988647461e-01
6.216723322868347168e-01
6.238024830818176270e-01
6.379413008689880371e-01
6.479305028915405273e-01
6.174743175506591797e-01
