5.380367636680603027e-01
7.012838125228881836e-01
7.059839367866516113e-01
6.886296272277832031e-01
6.192165017127990723e-01
6.509079337120056152e-01
6.798599958419799805e-01
7.740796208381652832e-01
7.409809827804565430e-01
8.979368209838867188e-01
8.660285472869873047e-01
8.769668936729431152e-01
8.380581736564636230e-01
9.869401454925537109e-01
1.001002311706542969e+00
9.646656513214111328e-01
1.039829373359680176e+00
1.051884531974792480e+00
1.020203113555908203e+00
1.026020169258117676e+00
1.035939931869506836e+00
1.005251765251159668e+00
1.057731747627258301e+00
9.927554130554199219e-01
1.128544688224792480e+00
1.142994403839111328e+00
1.083078384399414062e+00
1.063568115234375000e+00
1.160950660705566406e+00
1.164195775985717773e+00
1.084080338478088379e+00
1.168311238288879395e+00
1.097893118858337402e+00
1.168303370475769043e+00
1.116209149360656738e+00
1.079520225524902344e+00
1.128529906272888184e+00
1.123525500297546387e+00
1.080324411392211914e+00
1.055236101150512695e+00
1.048071861267089844e+00
1.129018545150756836e+00
1.138252019882202148e+00
1.056326627731323242e+00
1.108872294425964355e+00
1.142341852188110352e+00
1.125382900238037109e+00
1.085364341735839844e+00
1.070981144905090332e+00
1.133696317672729492e+00
1.081780314445495605e+00
1.082852005958557129e+00
1.094837903976440430e+00
1.068033814430236816e+00
1.087045192718505859e+00
1.144788861274719238e+00
1.083990216255187988e+00
1.067698121070861816e+00
1.148149132728576660e+00
1.104604363441467285e+00
1.069031238555908203e+00
1.123384237289428711e+00
1.082951664924621582e+00
1.067399978637695312e+00
1.110893607139587402e+00
1.072494983673095703e+00
1.129183411598205566e+00
1.084502458572387695e+00
1.089663863182067871e+00
1.156532645225524902e+00
1.133716344833374023e+00
1.089705109596252441e+00
1.079489827156066895e+00
1.141747713088989258e+00
1.105190157890319824e+00
1.139499664306640625e+00
1.088634848594665527e+00
1.092468142509460449e+00
1.146252870559692383e+00
1.117446541786193848e+00
1.073565125465393066e+00
1.063957095146179199e+00
1.145957112312316895e+00
1.063993692398071289e+00
1.068863749504089355e+00
1.083180785179138184e+00
1.139645934104919434e+00
1.142289280891418457e+00
1.162794947624206543e+00
1.079329609870910645e+00
1.125061392784118652e+00
1.098593115806579590e+00
1.142974615097045898e+00
1.130484223365783691e+00
1.163625836372375488e+00
1.136078238487243652e+00
1.130493402481079102e+00
1.055564761161804199e+00
1.136762022972106934e+00
1.137415885925292969e+00
1.098010540008544922e+00
1.162790775299072266e+00
1.064622759819030762e+00
1.157869100570678711e+00
1.168242573738098145e+00
1.148535251617431641e+00
1.098605513572692871e+00
1.095947027206420898e+00
1.103888750076293945e+00
1.132195830345153809e+00
1.128164768218994141e+00
1.165841579437255859e+00
1.094165802001953125e+00
1.134720325469970703e+00
1.133946061134338379e+00
1.145012378692626953e+00
1.059603810310363770e+00
1.097443461418151855e+00
1.163062334060668945e+00
1.101558089256286621e+00
1.129727005958557129e+00
1.159771919250488281e+00
1.064611792564392090e+00
1.164333581924438477e+00
1.136501789093017578e+00
1.110503077507019043e+00
1.075999617576599121e+00
1.104876399040222168e+00
1.100380539894104004e+00
1.130312800407409668e+00
1.057752370834350586e+00
1.063089609146118164e+00
1.061107158660888672e+00
1.094862341880798340e+00
1.138568878173828125e+00
1.131479978561401367e+00
1.164921760559082031e+00
1.139379382133483887e+00
1.138565182685852051e+00
1.103829503059387207e+00
1.159826755523681641e+00
1.100290060043334961e+00
1.095829367637634277e+00
1.097264766693115234e+00
1.103888630867004395e+00
1.094541072845458984e+00
1.067386627197265625e+00
1.099618792533874512e+00
1.098389983177185059e+00
1.052270650863647461e+00
1.141546249389648438e+00
1.131991386413574219e+00
1.114272356033325195e+00
1.148628234863281250e+00
1.177976846694946289e+00
1.137215018272399902e+00
1.092779994010925293e+00
1.102802634239196777e+00
1.107750177383422852e+00
1.114257216453552246e+00
1.141070842742919922e+00
1.106989383697509766e+00
1.170193195343017578e+00
1.130248665809631348e+00
1.162247657775878906e+00
1.145216226577758789e+00
1.100786685943603516e+00
1.142092466354370117e+00
1.051230669021606445e+00
1.141700267791748047e+00
1.167297244071960449e+00
1.113172054290771484e+00
1.166670322418212891e+00
1.138066291809082031e+00
1.132670998573303223e+00
1.180342793464660645e+00
1.129224300384521484e+00
1.138087749481201172e+00
1.171445131301879883e+00
1.170643448829650879e+00
1.130154490470886230e+00
1.047867417335510254e+00
1.172302246093750000e+00
1.079212069511413574e+00
1.089192509651184082e+00
1.174681067466735840e+00
1.171794414520263672e+00
1.100258827209472656e+00
1.102285027503967285e+00
1.108134269714355469e+00
1.052852988243103027e+00
1.124216318130493164e+00
1.134375572204589844e+00
1.179890513420104980e+00
1.077505946159362793e+00
1.131828069686889648e+00
1.096409678459167480e+00
1.138983964920043945e+00
1.138924002647399902e+00
1.166095852851867676e+00
1.089985728263854980e+00
1.126319885253906250e+00
1.089937806129455566e+00
1.083733081817626953e+00
1.092925548553466797e+00
1.059358119964599609e+00
1.177624821662902832e+00
1.189343333244323730e+00
1.088089942932128906e+00
1.030698537826538086e+00
1.130799770355224609e+00
1.171420216560363770e+00
1.127863168716430664e+00
1.180553674697875977e+00
1.094201564788818359e+00
1.136253833770751953e+00
1.123491048812866211e+00
1.095116972923278809e+00
1.152449607849121094e+00
1.127726674079895020e+00
1.169617056846618652e+00
1.081288576126098633e+00
1.130916953086853027e+00
1.134703159332275391e+00
1.141753435134887695e+00
1.127359509468078613e+00
1.139492034912109375e+00
1.169651865959167480e+00
1.128597140312194824e+00
1.085893988609313965e+00
1.049352765083312988e+00
1.047912359237670898e+00
1.092181444168090820e+00
1.092366456985473633e+00
1.130804181098937988e+00
1.044329404830932617e+00
1.092399001121520996e+00
1.096937894821166992e+00
1.133118748664855957e+00
1.037210702896118164e+00
1.139702320098876953e+00
1.102194309234619141e+00
1.159854173660278320e+00
1.088999867439270020e+00
1.043525099754333496e+00
1.099750757217407227e+00
1.120770692825317383e+00
1.098750710487365723e+00
1.161812663078308105e+00
1.091089129447937012e+00
1.091845631599426270e+00
1.136938691139221191e+00
1.142392039299011230e+00
1.085813045501708984e+00
1.087658882141113281e+00
1.169425129890441895e+00
1.128923416137695312e+00
1.085494160652160645e+00
1.143407225608825684e+00
1.040060639381408691e+00
1.047571659088134766e+00
1.126245617866516113e+00
1.157235622406005859e+00
1.089973688125610352e+00
1.162514090538024902e+00
1.127068161964416504e+00
1.137321949005126953e+00
1.043107390403747559e+00
1.172171831130981445e+00
1.087532401084899902e+00
1.134117960929870605e+00
1.086859583854675293e+00
1.087437152862548828e+00
1.153796792030334473e+00
1.150913476943969727e+00
1.086402893066406250e+00
1.130681157112121582e+00
1.047938704490661621e+00
1.132511615753173828e+00
1.088069558143615723e+00
1.087797164916992188e+00
1.087141513824462891e+00
1.170380234718322754e+00
1.088290691375732422e+00
1.054870128631591797e+00
1.130185842514038086e+00
1.100006818771362305e+00
1.161033391952514648e+00
1.090477108955383301e+00
1.080868721008300781e+00
1.137425303459167480e+00
1.085459589958190918e+00
1.134373545646667480e+00
1.164106249809265137e+00
1.131568431854248047e+00
1.163812756538391113e+00
1.086091399192810059e+00
1.133615374565124512e+00
1.149842977523803711e+00
1.154184103012084961e+00
1.163511753082275391e+00
1.052252411842346191e+00
1.092003345489501953e+00
1.132742404937744141e+00
1.155479550361633301e+00
1.085554599761962891e+00
1.131237030029296875e+00
1.103937506675720215e+00
1.087415218353271484e+00
1.152882099151611328e+00
1.122881174087524414e+00
1.128524303436279297e+00
1.084620118141174316e+00
1.129467248916625977e+00
1.161453723907470703e+00
1.046358108520507812e+00
1.107726097106933594e+00
1.144710540771484375e+00
1.085942029953002930e+00
1.164989113807678223e+00
1.139071941375732422e+00
1.093666434288024902e+00
1.040916204452514648e+00
1.168940067291259766e+00
1.089913249015808105e+00
1.140417695045471191e+00
1.094259381294250488e+00
1.038541793823242188e+00
1.133546471595764160e+00
1.151854395866394043e+00
1.145405888557434082e+00
1.126313090324401855e+00
1.152651309967041016e+00
1.159778952598571777e+00
1.095461726188659668e+00
1.131009221076965332e+00
1.080574393272399902e+00
1.160249233245849609e+00
1.053058266639709473e+00
1.156844377517700195e+00
1.092354893684387207e+00
1.153091192245483398e+00
1.129722476005554199e+00
1.048959374427795410e+00
1.091261267662048340e+00
1.094247579574584961e+00
1.136087059974670410e+00
1.089989185333251953e+00
1.138858437538146973e+00
1.132964015007019043e+00
1.064221978187561035e+00
1.089874744415283203e+00
1.138375163078308105e+00
1.090484380722045898e+00
1.100611925125122070e+00
1.109687685966491699e+00
1.141592144966125488e+00
1.089880585670471191e+00
1.125335454940795898e+00
1.039902806282043457e+00
1.138555407524108887e+00
1.139132857322692871e+00
1.144487500190734863e+00
1.144300580024719238e+00
1.141085982322692871e+00
1.077844619750976562e+00
1.161010146141052246e+00
1.147337794303894043e+00
1.135216712951660156e+00
1.081926226615905762e+00
1.095277667045593262e+00
1.144355654716491699e+00
1.094670891761779785e+00
1.085640907287597656e+00
1.138868927955627441e+00
1.138666391372680664e+00
1.134246826171875000e+00
1.136699438095092773e+00
1.099953055381774902e+00
1.098182916641235352e+00
1.133000850677490234e+00
1.141337156295776367e+00
1.093859314918518066e+00
1.142649888992309570e+00
1.086736679077148438e+00
1.098139047622680664e+00
1.087199807167053223e+00
1.092543959617614746e+00
1.088992834091186523e+00
1.083647727966308594e+00
1.094313383102416992e+00
1.106519699096679688e+00
1.132048249244689941e+00
1.087314128875732422e+00
1.035978674888610840e+00
1.148646593093872070e+00
1.051866292953491211e+00
1.095518827438354492e+00
1.039094686508178711e+00
1.090076923370361328e+00
1.142612338066101074e+00
1.152655959129333496e+00
1.185340523719787598e+00
1.091504693031311035e+00
1.136560440063476562e+00
1.147261023521423340e+00
1.133428215980529785e+00
1.093618988990783691e+00
1.100510597229003906e+00
1.135308980941772461e+00
1.096657991409301758e+00
1.140305042266845703e+00
1.042761564254760742e+00
1.138831973075866699e+00
1.100750207901000977e+00
1.099398732185363770e+00
1.137781143188476562e+00
1.102371454238891602e+00
1.154778122901916504e+00
1.142378091812133789e+00
1.148393273353576660e+00
1.032343029975891113e+00
1.085608959197998047e+00
1.037044882774353027e+00
1.091973304748535156e+00
1.138646125793457031e+00
1.143175601959228516e+00
1.140078425407409668e+00
1.141314029693603516e+00
1.078450441360473633e+00
1.150418400764465332e+00
1.047019958496093750e+00
1.093176126480102539e+00
1.037698626518249512e+00
1.084304451942443848e+00
1.111189484596252441e+00
1.145958423614501953e+00
1.146459579467773438e+00
1.020116567611694336e+00
1.161363601684570312e+00
1.037257432937622070e+00
1.133224248886108398e+00
1.103720545768737793e+00
1.097393870353698730e+00
1.092074871063232422e+00
1.143747210502624512e+00
1.100528717041015625e+00
1.094679951667785645e+00
1.145181179046630859e+00
1.131743431091308594e+00
1.103196382522583008e+00
1.064064741134643555e+00
1.065621614456176758e+00
1.138209700584411621e+00
1.159716963768005371e+00
1.095140695571899414e+00
1.146343588829040527e+00
1.072557210922241211e+00
1.110120534896850586e+00
1.018181562423706055e+00
1.166283011436462402e+00
1.100487947463989258e+00
1.096351146697998047e+00
1.106925368309020996e+00
1.101060628890991211e+00
1.101195096969604492e+00
1.098084926605224609e+00
1.119846820831298828e+00
1.100885033607482910e+00
1.147115111351013184e+00
1.158654093742370605e+00
1.092686653137207031e+00
1.097707271575927734e+00
1.095582365989685059e+00
1.150884747505187988e+00
1.086228013038635254e+00
1.094085454940795898e+00
1.099121451377868652e+00
1.105806350708007812e+00
1.097044706344604492e+00
1.158829450607299805e+00
1.158409595489501953e+00
1.088597893714904785e+00
1.142442345619201660e+00
1.088974356651306152e+00
1.095212459564208984e+00
1.095235586166381836e+00
1.098445534706115723e+00
1.042368173599243164e+00
1.102662324905395508e+00
1.044413685798645020e+00
1.152580857276916504e+00
1.106679916381835938e+00
1.154095172882080078e+00
1.144433975219726562e+00
1.169050097465515137e+00
1.144552350044250488e+00
1.092810273170471191e+00
1.165894269943237305e+00
1.138497352600097656e+00
1.166040301322937012e+00
1.129238247871398926e+00
1.089939117431640625e+00
1.106820464134216309e+00
1.024804949760437012e+00
1.172709703445434570e+00
1.101701259613037109e+00
1.103080153465270996e+00
1.020158171653747559e+00
1.077751994132995605e+00
1.169432282447814941e+00
1.110391020774841309e+00
1.095286607742309570e+00
1.146366477012634277e+00
1.091348409652709961e+00
1.020638108253479004e+00
1.177322030067443848e+00
1.119603872299194336e+00
1.144531011581420898e+00
1.149587512016296387e+00
1.111550688743591309e+00
1.185453772544860840e+00
1.134777426719665527e+00
1.090542554855346680e+00
1.055772423744201660e+00
1.105147600173950195e+00
1.088017702102661133e+00
1.105879902839660645e+00
1.027031183242797852e+00
1.122164964675903320e+00
1.171455621719360352e+00
1.182154417037963867e+00
1.181041717529296875e+00
1.157051682472229004e+00
1.135969996452331543e+00
1.103491663932800293e+00
1.161424517631530762e+00
1.155653238296508789e+00
1.109246134757995605e+00
1.110804438591003418e+00
1.143944263458251953e+00
1.141690969467163086e+00
1.181199789047241211e+00
1.150905013084411621e+00
1.181142687797546387e+00
1.170517563819885254e+00
1.165863275527954102e+00
1.175104022026062012e+00
1.155781865119934082e+00
1.174217581748962402e+00
1.145549297332763672e+00
1.046030521392822266e+00
1.097441673278808594e+00
1.125409960746765137e+00
1.165601730346679688e+00
1.010029315948486328e+00
1.151385188102722168e+00
1.168782949447631836e+00
1.106576919555664062e+00
1.191116690635681152e+00
1.097298145294189453e+00
1.181781768798828125e+00
1.087055325508117676e+00
1.157323002815246582e+00
1.166605234146118164e+00
1.190415024757385254e+00
1.166448473930358887e+00
1.157113075256347656e+00
1.167947649955749512e+00
1.097405433654785156e+00
1.114905118942260742e+00
1.165673613548278809e+00
1.092947959899902344e+00
1.162510752677917480e+00
1.092124223709106445e+00
1.105141758918762207e+00
1.112886667251586914e+00
1.062801837921142578e+00
1.092810392379760742e+00
1.202820181846618652e+00
1.025599002838134766e+00
1.102517485618591309e+00
1.115162491798400879e+00
1.141809701919555664e+00
1.194848537445068359e+00
1.121626853942871094e+00
1.040605783462524414e+00
9.783042073249816895e-01
1.044049143791198730e+00
1.095911741256713867e+00
1.158236384391784668e+00
1.094640851020812988e+00
9.929643869400024414e-01
1.191693544387817383e+00
1.149457931518554688e+00
1.117649912834167480e+00
1.114440321922302246e+00
1.134535074234008789e+00
1.156786203384399414e+00
1.112344622611999512e+00
1.122891068458557129e+00
1.182246327400207520e+00
1.160071253776550293e+00
1.186411499977111816e+00
1.174389958381652832e+00
1.168316006660461426e+00
1.216388106346130371e+00
1.023233175277709961e+00
1.134992480278015137e+00
1.182387709617614746e+00
1.185274243354797363e+00
1.186360239982604980e+00
1.174049377441406250e+00
1.035462141036987305e+00
1.147869467735290527e+00
1.165908575057983398e+00
1.177115440368652344e+00
1.079985141754150391e+00
1.109920382499694824e+00
1.099623203277587891e+00
1.158510923385620117e+00
1.173260927200317383e+00
9.974831938743591309e-01
1.150510907173156738e+00
1.191932320594787598e+00
1.186280965805053711e+00
1.086241126060485840e+00
1.101861953735351562e+00
1.190343856811523438e+00
1.151358962059020996e+00
1.174837589263916016e+00
1.112686634063720703e+00
1.172669053077697754e+00
1.107839345932006836e+00
1.124676585197448730e+00
1.202532529830932617e+00
1.128168940544128418e+00
1.087708473205566406e+00
1.183547377586364746e+00
1.174810647964477539e+00
1.205083250999450684e+00
1.099810957908630371e+00
1.112131118774414062e+00
1.115251541137695312e+00
1.020549774169921875e+00
1.179957866668701172e+00
1.182113409042358398e+00
1.115004658699035645e+00
1.068590164184570312e+00
1.159747123718261719e+00
1.007652521133422852e+00
1.107789158821105957e+00
1.155961513519287109e+00
1.125318527221679688e+00
1.104663848876953125e+00
1.177848219871520996e+00
1.036786675453186035e+00
1.111960768699645996e+00
1.095531582832336426e+00
1.024412751197814941e+00
1.006505966186523438e+00
1.175262808799743652e+00
1.097617506980895996e+00
1.210536122322082520e+00
1.112786173820495605e+00
1.166330814361572266e+00
1.184847474098205566e+00
1.117936730384826660e+00
1.125948667526245117e+00
1.125458478927612305e+00
1.216299772262573242e+00
1.057169079780578613e+00
1.049066543579101562e+00
1.120646595954895020e+00
1.180043101310729980e+00
9.675008058547973633e-01
9.391648769378662109e-01
1.234490036964416504e+00
1.173228859901428223e+00
1.177550554275512695e+00
1.159008502960205078e+00
1.104754328727722168e+00
1.182392597198486328e+00
1.105150461196899414e+00
1.098134636878967285e+00
1.173753499984741211e+00
1.106759428977966309e+00
1.088989377021789551e+00
1.093557953834533691e+00
1.235611557960510254e+00
1.212278246879577637e+00
1.207630991935729980e+00
1.216010570526123047e+00
1.151287794113159180e+00
1.191635489463806152e+00
1.102081060409545898e+00
1.118155956268310547e+00
1.186622142791748047e+00
1.121229529380798340e+00
9.668920040130615234e-01
1.186545372009277344e+00
1.193819046020507812e+00
1.206167101860046387e+00
1.253823280334472656e+00
1.083648085594177246e+00
1.135824322700500488e+00
1.104928255081176758e+00
1.163610816001892090e+00
1.218211412429809570e+00
1.153803348541259766e+00
1.122451186180114746e+00
1.210908174514770508e+00
1.234157204627990723e+00
1.091876864433288574e+00
1.197277426719665527e+00
1.249598860740661621e+00
1.237881302833557129e+00
1.115488409996032715e+00
1.142131924629211426e+00
1.137648940086364746e+00
1.096084356307983398e+00
1.135273694992065430e+00
1.136424660682678223e+00
9.894554615020751953e-01
1.137866139411926270e+00
1.211839914321899414e+00
9.835515618324279785e-01
1.148412466049194336e+00
1.157046914100646973e+00
1.130820274353027344e+00
1.051444649696350098e+00
1.222584605216979980e+00
1.144219636917114258e+00
1.230955958366394043e+00
1.150399804115295410e+00
1.203620553016662598e+00
1.152689099311828613e+00
1.214757204055786133e+00
9.933252930641174316e-01
1.131749987602233887e+00
1.115924239158630371e+00
9.667961001396179199e-01
1.058835864067077637e+00
1.106152534484863281e+00
1.177680373191833496e+00
1.209208488464355469e+00
1.128878235816955566e+00
1.246483087539672852e+00
1.100857973098754883e+00
1.215695023536682129e+00
1.212304234504699707e+00
1.165021300315856934e+00
1.209568619728088379e+00
1.075997710227966309e+00
1.092380404472351074e+00
1.137718200683593750e+00
1.110644936561584473e+00
1.034204721450805664e+00
1.248784065246582031e+00
9.886488318443298340e-01
1.202582597732543945e+00
1.048798561096191406e+00
1.101482629776000977e+00
1.231234550476074219e+00
1.093026399612426758e+00
1.109754323959350586e+00
1.144466757774353027e+00
1.203667283058166504e+00
1.119028329849243164e+00
1.247988820075988770e+00
1.119616270065307617e+00
1.117249131202697754e+00
1.094866871833801270e+00
1.189365148544311523e+00
1.039787411689758301e+00
9.427530765533447266e-01
1.164624691009521484e+00
1.151749968528747559e+00
1.164499402046203613e+00
1.212706327438354492e+00
1.137671232223510742e+00
1.102540850639343262e+00
1.193766832351684570e+00
1.113740682601928711e+00
9.670031666755676270e-01
1.187792897224426270e+00
1.176385402679443359e+00
1.158833265304565430e+00
1.162111997604370117e+00
1.000067710876464844e+00
1.044655323028564453e+00
1.106828927993774414e+00
1.227835774421691895e+00
1.225958347320556641e+00
1.210826039314270020e+00
1.210885167121887207e+00
1.025939106941223145e+00
1.066382884979248047e+00
1.121444940567016602e+00
1.094920516014099121e+00
1.134657263755798340e+00
1.256003499031066895e+00
1.242289066314697266e+00
1.201378226280212402e+00
1.155328392982482910e+00
1.142701625823974609e+00
1.134639263153076172e+00
1.096640229225158691e+00
1.186462879180908203e+00
1.272017955780029297e+00
1.214110612869262695e+00
1.117896676063537598e+00
1.121679782867431641e+00
1.208192229270935059e+00
1.159356236457824707e+00
1.090978264808654785e+00
1.139154434204101562e+00
1.024127483367919922e+00
1.019425034523010254e+00
1.012028574943542480e+00
1.136152029037475586e+00
1.221626996994018555e+00
1.066570520401000977e+00
1.213640928268432617e+00
1.203073382377624512e+00
1.098668694496154785e+00
1.209914088249206543e+00
1.205353736877441406e+00
1.121683120727539062e+00
1.158873558044433594e+00
1.080890893936157227e+00
1.123038291931152344e+00
1.129648447036743164e+00
1.130866885185241699e+00
1.133273601531982422e+00
1.203886508941650391e+00
1.124263644218444824e+00
1.211514353752136230e+00
1.235411047935485840e+00
1.115432381629943848e+00
1.238676428794860840e+00
1.186454296112060547e+00
1.254553556442260742e+00
1.087952971458435059e+00
1.238202095031738281e+00
1.204175233840942383e+00
1.182850599288940430e+00
1.147695660591125488e+00
1.009266853332519531e+00
1.259452819824218750e+00
1.134920835494995117e+00
1.127233982086181641e+00
1.143956661224365234e+00
1.187322378158569336e+00
1.211524605751037598e+00
1.151446223258972168e+00
1.238337874412536621e+00
1.095007896423339844e+00
1.252333641052246094e+00
1.208024740219116211e+00
1.210954546928405762e+00
1.212807059288024902e+00
1.125611782073974609e+00
9.905650019645690918e-01
1.188719153404235840e+00
9.260375499725341797e-01
1.146006941795349121e+00
1.120190858840942383e+00
1.202644944190979004e+00
1.107830166816711426e+00
9.112249612808227539e-01
1.226478099822998047e+00
1.202959179878234863e+00
1.038544654846191406e+00
1.098685741424560547e+00
1.128359198570251465e+00
1.142018198966979980e+00
1.185265064239501953e+00
1.245536804199218750e+00
1.108392000198364258e+00
1.026021122932434082e+00
1.151280760765075684e+00
1.064867258071899414e+00
1.122322559356689453e+00
1.114788770675659180e+00
1.137278914451599121e+00
9.052348136901855469e-01
9.704521894454956055e-01
1.260519862174987793e+00
1.196387171745300293e+00
1.251350522041320801e+00
1.134749889373779297e+00
1.148312449455261230e+00
1.155719399452209473e+00
1.199432611465454102e+00
1.225946187973022461e+00
9.645236134529113770e-01
1.009362578392028809e+00
1.239021897315979004e+00
1.232543110847473145e+00
1.161483526229858398e+00
1.135266304016113281e+00
1.060306310653686523e+00
9.294958114624023438e-01
9.800244569778442383e-01
1.066815018653869629e+00
1.150911450386047363e+00
1.145478487014770508e+00
1.117074966430664062e+00
1.133724212646484375e+00
1.240080595016479492e+00
1.120526432991027832e+00
1.122493863105773926e+00
1.140842080116271973e+00
1.234556317329406738e+00
1.022470951080322266e+00
1.108456730842590332e+00
1.089401245117187500e+00
1.004880905151367188e+00
1.136183738708496094e+00
1.136330604553222656e+00
1.114378690719604492e+00
1.118786334991455078e+00
9.613381624221801758e-01
1.119877338409423828e+00
1.114363670349121094e+00
9.753639698028564453e-01
1.177507758140563965e+00
1.100962162017822266e+00
1.288021445274353027e+00
1.250075697898864746e+00
1.129660367965698242e+00
1.183073043823242188e+00
1.061204671859741211e+00
1.236254096031188965e+00
1.096197724342346191e+00
1.116041421890258789e+00
1.139415025711059570e+00
1.130004763603210449e+00
1.274802088737487793e+00
1.120258212089538574e+00
1.000353693962097168e+00
1.151169776916503906e+00
1.112918257713317871e+00
1.154972076416015625e+00
1.015849709510803223e+00
1.145305871963500977e+00
1.262849688529968262e+00
1.122920632362365723e+00
1.098356962203979492e+00
9.989021420478820801e-01
1.095760464668273926e+00
1.036090731620788574e+00
9.831957817077636719e-01
1.148096919059753418e+00
1.279197096824645996e+00
1.260531783103942871e+00
1.125425934791564941e+00
9.580675363540649414e-01
1.137489438056945801e+00
1.250647425651550293e+00
8.729097247123718262e-01
1.023689627647399902e+00
1.021993994712829590e+00
1.235580682754516602e+00
1.099141478538513184e+00
1.220342278480529785e+00
1.217511177062988281e+00
1.278553843498229980e+00
1.243027806282043457e+00
1.132609367370605469e+00
1.046404480934143066e+00
1.147344708442687988e+00
1.116620898246765137e+00
1.250511169433593750e+00
1.004959225654602051e+00
1.101930856704711914e+00
1.080771327018737793e+00
1.110221743583679199e+00
1.145095229148864746e+00
1.201406955718994141e+00
1.115319728851318359e+00
1.030107259750366211e+00
1.274365544319152832e+00
1.176284909248352051e+00
1.208382844924926758e+00
9.534983634948730469e-01
1.127481341361999512e+00
1.146723985671997070e+00
1.185379624366760254e+00
1.132893085479736328e+00
1.130369901657104492e+00
1.114961504936218262e+00
1.182975888252258301e+00
1.268963813781738281e+00
1.122570753097534180e+00
1.226167559623718262e+00
1.142431497573852539e+00
1.217449545860290527e+00
1.128629803657531738e+00
1.210091829299926758e+00
1.196115612983703613e+00
1.110906720161437988e+00
9.566873908042907715e-01
1.331933498382568359e+00
1.038095355033874512e+00
1.175247550010681152e+00
1.113464117050170898e+00
1.087845563888549805e+00
1.095405936241149902e+00
1.108018040657043457e+00
1.178487300872802734e+00
1.129646062850952148e+00
1.166364431381225586e+00
1.236769914627075195e+00
9.566186666488647461e-01
1.173798084259033203e+00
1.157689929008483887e+00
1.150156855583190918e+00
1.287012457847595215e+00
1.112343907356262207e+00
1.124390363693237305e+00
9.843951463699340820e-01
1.221065998077392578e+00
1.240778207778930664e+00
1.102463006973266602e+00
1.270935535430908203e+00
1.227113842964172363e+00
1.071256399154663086e+00
1.152819275856018066e+00
1.094048976898193359e+00
1.240930199623107910e+00
1.228101372718811035e+00
1.190354824066162109e+00
1.118773579597473145e+00
1.141252517700195312e+00
1.338302493095397949e+00
1.240965962409973145e+00
9.611299037933349609e-01
1.134921908378601074e+00
1.259122252464294434e+00
1.287914037704467773e+00
1.308222174644470215e+00
1.141084313392639160e+00
1.172892928123474121e+00
9.712383747100830078e-01
1.159799218177795410e+00
1.238220691680908203e+00
1.303684234619140625e+00
1.041006326675415039e+00
1.050408840179443359e+00
1.090299248695373535e+00
1.205327033996582031e+00
1.107791543006896973e+00
1.141867876052856445e+00
1.134689807891845703e+00
1.248211979866027832e+00
1.301555871963500977e+00
1.201440930366516113e+00
1.104192256927490234e+00
1.190241098403930664e+00
1.169287562370300293e+00
1.017824888229370117e+00
1.263427495956420898e+00
1.167382717132568359e+00
1.156571745872497559e+00
1.160830378532409668e+00
1.264157533645629883e+00
1.180359482765197754e+00
1.025218367576599121e+00
1.240577697753906250e+00
1.286419868469238281e+00
1.138787150382995605e+00
1.125117421150207520e+00
1.223092913627624512e+00
1.310039043426513672e+00
1.235344886779785156e+00
1.353231906890869141e+00
1.138414382934570312e+00
1.275205969810485840e+00
1.320949316024780273e+00
1.114646553993225098e+00
1.268408060073852539e+00
9.557141065597534180e-01
1.137400627136230469e+00
1.222750425338745117e+00
1.089304685592651367e+00
1.003877758979797363e+00
1.115591883659362793e+00
1.255444526672363281e+00
1.322448968887329102e+00
1.245957851409912109e+00
1.226338624954223633e+00
1.334390878677368164e+00
1.275503396987915039e+00
1.097643375396728516e+00
1.225525021553039551e+00
1.285511612892150879e+00
1.341649770736694336e+00
1.168110609054565430e+00
8.639190196990966797e-01
1.243218541145324707e+00
9.355239272117614746e-01
1.225979804992675781e+00
1.261461019515991211e+00
1.286572217941284180e+00
1.134245276451110840e+00
1.197798252105712891e+00
1.246678471565246582e+00
1.168137192726135254e+00
1.165986180305480957e+00
1.159719228744506836e+00
1.157136917114257812e+00
1.266811251640319824e+00
1.322695016860961914e+00
1.158091545104980469e+00
1.226444125175476074e+00
1.249292135238647461e+00
1.203878521919250488e+00
1.289858341217041016e+00
1.119625806808471680e+00
1.227836370468139648e+00
1.378040313720703125e+00
1.247233629226684570e+00
1.173825502395629883e+00
1.186985850334167480e+00
1.122289776802062988e+00
1.263147950172424316e+00
1.131047606468200684e+00
1.154191493988037109e+00
1.324628710746765137e+00
1.134929895401000977e+00
1.281462311744689941e+00
1.208219528198242188e+00
1.020133733749389648e+00
1.154570937156677246e+00
1.315832734107971191e+00
1.032319307327270508e+00
1.296980977058410645e+00
1.089643597602844238e+00
1.208018302917480469e+00
1.194247484207153320e+00
1.066291213035583496e+00
1.121685504913330078e+00
1.149399399757385254e+00
1.294009804725646973e+00
9.695481657981872559e-01
1.156008243560791016e+00
1.109980225563049316e+00
1.136242151260375977e+00
1.147227048873901367e+00
1.012242436408996582e+00
1.299740195274353027e+00
9.969913959503173828e-01
1.206671714782714844e+00
1.129884719848632812e+00
1.271550297737121582e+00
9.997300505638122559e-01
9.624806642532348633e-01
1.155192375183105469e+00
1.160873532295227051e+00
1.150244116783142090e+00
1.173250436782836914e+00
1.127665638923645020e+00
1.158067822456359863e+00
1.143842816352844238e+00
8.799115419387817383e-01
1.195777177810668945e+00
1.125116467475891113e+00
1.144578814506530762e+00
1.256791114807128906e+00
9.947400093078613281e-01
1.028937339782714844e+00
1.224390149116516113e+00
1.132535457611083984e+00
9.364839792251586914e-01
1.118646264076232910e+00
9.688798189163208008e-01
1.306423306465148926e+00
9.734332561492919922e-01
1.041062474250793457e+00
1.274966359138488770e+00
8.554491400718688965e-01
1.063942432403564453e+00
9.915984272956848145e-01
1.342702388763427734e+00
1.198417305946350098e+00
1.116224050521850586e+00
1.193358182907104492e+00
1.309560656547546387e+00
1.251243114471435547e+00
1.236854910850524902e+00
9.113668203353881836e-01
1.319857239723205566e+00
1.368795752525329590e+00
1.360846281051635742e+00
1.281113624572753906e+00
9.268735051155090332e-01
1.111005783081054688e+00
1.021239757537841797e+00
1.027652502059936523e+00
1.142430543899536133e+00
1.177331447601318359e+00
1.154169917106628418e+00
1.176181316375732422e+00
1.310854792594909668e+00
1.132036685943603516e+00
1.285867571830749512e+00
1.127770543098449707e+00
1.272738814353942871e+00
1.134485006332397461e+00
1.328534841537475586e+00
1.160043835639953613e+00
1.132646441459655762e+00
9.924467802047729492e-01
1.305410742759704590e+00
1.289026618003845215e+00
1.368390440940856934e+00
1.137370824813842773e+00
1.035327196121215820e+00
1.331964612007141113e+00
1.276755452156066895e+00
1.396009802818298340e+00
1.294469714164733887e+00
1.145272374153137207e+00
8.726443648338317871e-01
1.122768640518188477e+00
1.323039889335632324e+00
1.327412128448486328e+00
1.168448567390441895e+00
1.156964540481567383e+00
1.163562297821044922e+00
1.130379080772399902e+00
1.354228973388671875e+00
1.115828156471252441e+00
1.348272442817687988e+00
1.340795040130615234e+00
8.269129395484924316e-01
1.205378413200378418e+00
1.126278162002563477e+00
1.298919081687927246e+00
1.269307851791381836e+00
9.086205959320068359e-01
1.115583181381225586e+00
1.068941235542297363e+00
9.872211217880249023e-01
1.330656766891479492e+00
1.171655058860778809e+00
1.178262114524841309e+00
9.250995516777038574e-01
1.306138277053833008e+00
1.295981168746948242e+00
1.155726194381713867e+00
1.140258312225341797e+00
1.117787361145019531e+00
1.041945457458496094e+00
1.126008629798889160e+00
1.166359901428222656e+00
1.177313327789306641e+00
1.193132638931274414e+00
1.228875517845153809e+00
1.204046130180358887e+00
9.917525053024291992e-01
1.233023166656494141e+00
1.097743988037109375e+00
1.325483679771423340e+00
9.230942130088806152e-01
1.133649349212646484e+00
1.363814711570739746e+00
1.217960476875305176e+00
1.148227453231811523e+00
9.751955270767211914e-01
1.071387648582458496e+00
1.164257645606994629e+00
1.296295046806335449e+00
1.209119200706481934e+00
1.146616816520690918e+00
1.235953927040100098e+00
1.199446082115173340e+00
1.142662286758422852e+00
1.143090367317199707e+00
1.347974419593811035e+00
1.052966475486755371e+00
1.361586451530456543e+00
1.131968498229980469e+00
1.028625130653381348e+00
1.012837648391723633e+00
1.312085390090942383e+00
1.156810522079467773e+00
1.194575428962707520e+00
1.130017280578613281e+00
1.041080355644226074e+00
1.201040029525756836e+00
1.119858264923095703e+00
8.433761596679687500e-01
1.287619233131408691e+00
1.183393001556396484e+00
1.154708981513977051e+00
1.408165931701660156e+00
1.171716451644897461e+00
1.140875101089477539e+00
1.117862343788146973e+00
1.044881701469421387e+00
1.120359182357788086e+00
1.153955578804016113e+00
1.163317441940307617e+00
1.306971311569213867e+00
1.144427657127380371e+00
1.175832509994506836e+00
1.153935670852661133e+00
1.200444817543029785e+00
1.116479277610778809e+00
1.137690424919128418e+00
1.143375277519226074e+00
1.012008309364318848e+00
1.161045432090759277e+00
1.143488168716430664e+00
1.129919052124023438e+00
1.032658934593200684e+00
1.189129829406738281e+00
1.123423099517822266e+00
1.163373470306396484e+00
1.201094865798950195e+00
1.249532461166381836e+00
1.193853497505187988e+00
1.136487603187561035e+00
1.358688950538635254e+00
1.130828022956848145e+00
1.057329535484313965e+00
1.342090368270874023e+00
1.060522794723510742e+00
1.153545379638671875e+00
1.299515724182128906e+00
1.134326815605163574e+00
1.120034098625183105e+00
1.319967031478881836e+00
1.010941386222839355e+00
1.159593343734741211e+00
1.092751145362854004e+00
1.418759346008300781e+00
1.310456156730651855e+00
9.422984123229980469e-01
1.196732640266418457e+00
8.798313140869140625e-01
1.171621084213256836e+00
1.199632167816162109e+00
1.261824011802673340e+00
1.451383233070373535e+00
1.298884630203247070e+00
1.196402549743652344e+00
1.406421065330505371e+00
1.233792066574096680e+00
9.678463935852050781e-01
1.270918250083923340e+00
1.042126774787902832e+00
1.309954047203063965e+00
8.569067120552062988e-01
9.660887122154235840e-01
1.308446645736694336e+00
1.278354883193969727e+00
1.164621472358703613e+00
1.274743199348449707e+00
1.303013205528259277e+00
1.312703013420104980e+00
1.336040258407592773e+00
1.154915809631347656e+00
1.110730528831481934e+00
1.207403063774108887e+00
9.383618831634521484e-01
1.186461329460144043e+00
1.357905030250549316e+00
9.242771267890930176e-01
1.226770401000976562e+00
1.270148754119873047e+00
1.239950060844421387e+00
1.261055350303649902e+00
1.280362367630004883e+00
1.219310402870178223e+00
1.311377644538879395e+00
1.391023993492126465e+00
1.322464227676391602e+00
1.112862944602966309e+00
9.746794104576110840e-01
1.137756109237670898e+00
1.181050181388854980e+00
1.168467044830322266e+00
1.314977169036865234e+00
1.082244277000427246e+00
1.143063783645629883e+00
1.133295178413391113e+00
1.351152539253234863e+00
1.130583524703979492e+00
1.165768623352050781e+00
1.192865490913391113e+00
1.178327202796936035e+00
1.124236702919006348e+00
1.119051218032836914e+00
1.129140257835388184e+00
1.097777485847473145e+00
1.365090250968933105e+00
9.994610548019409180e-01
1.262053966522216797e+00
1.291493058204650879e+00
1.302834033966064453e+00
1.352008700370788574e+00
1.115444302558898926e+00
1.098992228507995605e+00
1.174777269363403320e+00
1.372093677520751953e+00
8.434334397315979004e-01
1.261670112609863281e+00
1.307255864143371582e+00
1.113009333610534668e+00
1.200784206390380859e+00
1.140480995178222656e+00
1.209974169731140137e+00
1.075915575027465820e+00
1.180753707885742188e+00
9.954625964164733887e-01
1.255450248718261719e+00
1.170643210411071777e+00
1.127266883850097656e+00
1.115458965301513672e+00
1.128312468528747559e+00
1.418969869613647461e+00
1.366228103637695312e+00
1.142490863800048828e+00
1.086603164672851562e+00
9.255040287971496582e-01
1.201943516731262207e+00
1.378463625907897949e+00
1.134497642517089844e+00
1.201916694641113281e+00
1.188218116760253906e+00
1.022823333740234375e+00
1.121324658393859863e+00
1.148527264595031738e+00
1.280517935752868652e+00
1.115975618362426758e+00
1.206926465034484863e+00
1.200931072235107422e+00
1.156942725181579590e+00
1.304286360740661621e+00
1.391569614410400391e+00
8.710466027259826660e-01
1.312685251235961914e+00
1.170185208320617676e+00
1.313314080238342285e+00
8.563728332519531250e-01
1.184780120849609375e+00
1.171166181564331055e+00
9.692231416702270508e-01
1.300147652626037598e+00
1.296420693397521973e+00
1.200174570083618164e+00
1.473703980445861816e+00
1.331193089485168457e+00
1.325073957443237305e+00
1.344906210899353027e+00
9.807240366935729980e-01
1.261408925056457520e+00
1.158329367637634277e+00
1.128250479698181152e+00
1.121181964874267578e+00
1.277152180671691895e+00
1.295667052268981934e+00
1.227428913116455078e+00
1.214129447937011719e+00
1.158523082733154297e+00
1.283276319503784180e+00
1.436585545539855957e+00
1.345456242561340332e+00
1.184212923049926758e+00
1.089608669281005859e+00
1.174962997436523438e+00
1.160364151000976562e+00
1.332470774650573730e+00
1.199758291244506836e+00
1.170971989631652832e+00
1.153013348579406738e+00
1.183942675590515137e+00
1.148311376571655273e+00
1.243912696838378906e+00
1.266887187957763672e+00
1.146733403205871582e+00
1.099000334739685059e+00
1.180700778961181641e+00
1.304252028465270996e+00
1.291342496871948242e+00
1.127842068672180176e+00
1.146079301834106445e+00
1.001087546348571777e+00
1.312430381774902344e+00
8.760250210762023926e-01
1.351170420646667480e+00
1.108938813209533691e+00
1.274905085563659668e+00
1.270180821418762207e+00
1.123139977455139160e+00
1.289038300514221191e+00
1.028571963310241699e+00
1.133973956108093262e+00
1.173853516578674316e+00
1.161723136901855469e+00
1.289724349975585938e+00
1.153545856475830078e+00
1.126374840736389160e+00
1.303095936775207520e+00
9.346975088119506836e-01
1.251046657562255859e+00
1.365476489067077637e+00
1.318928956985473633e+00
1.131382584571838379e+00
1.126957178115844727e+00
1.279201626777648926e+00
1.125264644622802734e+00
1.284326076507568359e+00
1.366677880287170410e+00
1.209953904151916504e+00
8.128915429115295410e-01
1.341838359832763672e+00
1.165893435478210449e+00
1.167091012001037598e+00
1.021884441375732422e+00
1.125783681869506836e+00
1.201531648635864258e+00
1.164819478988647461e+00
1.258579254150390625e+00
1.077285051345825195e+00
1.127805471420288086e+00
1.295081377029418945e+00
9.584475159645080566e-01
9.986962676048278809e-01
9.465866088867187500e-01
1.210167765617370605e+00
9.020038247108459473e-01
1.001749157905578613e+00
1.420708894729614258e+00
1.209197640419006348e+00
9.426317811012268066e-01
1.293022751808166504e+00
1.175518989562988281e+00
1.310266017913818359e+00
1.330638885498046875e+00
1.403697490692138672e+00
1.110273838043212891e+00
1.174566626548767090e+00
1.203100800514221191e+00
1.219928979873657227e+00
1.366782307624816895e+00
1.137051820755004883e+00
1.052787661552429199e+00
1.182975292205810547e+00
1.384406089782714844e+00
1.364522695541381836e+00
1.156665086746215820e+00
1.162086009979248047e+00
1.124012351036071777e+00
1.274285435676574707e+00
1.290346264839172363e+00
1.010283350944519043e+00
1.035221338272094727e+00
1.077329397201538086e+00
9.911423325538635254e-01
1.174224376678466797e+00
1.318054556846618652e+00
1.162498593330383301e+00
1.159899592399597168e+00
1.049644708633422852e+00
9.619510173797607422e-01
1.325093388557434082e+00
9.760818481445312500e-01
1.305223226547241211e+00
1.389827728271484375e+00
1.159107565879821777e+00
1.054234862327575684e+00
1.388638019561767578e+00
1.143146991729736328e+00
1.200671195983886719e+00
9.241936802864074707e-01
1.350912690162658691e+00
1.523450255393981934e+00
1.196472764015197754e+00
1.368199586868286133e+00
1.391702651977539062e+00
1.183648705482482910e+00
1.001261234283447266e+00
1.272665739059448242e+00
1.393316984176635742e+00
1.021031618118286133e+00
1.325758695602416992e+00
1.338453173637390137e+00
1.180217266082763672e+00
1.036873102188110352e+00
1.372481584548950195e+00
1.021369099617004395e+00
1.007856726646423340e+00
1.228236675262451172e+00
1.178163170814514160e+00
1.173678994178771973e+00
1.116773724555969238e+00
1.133672118186950684e+00
8.382988572120666504e-01
1.142690062522888184e+00
1.375079870223999023e+00
1.115899801254272461e+00
9.772403240203857422e-01
1.174164295196533203e+00
1.340277194976806641e+00
1.347604632377624512e+00
1.195597648620605469e+00
1.225286364555358887e+00
1.426587820053100586e+00
1.127245664596557617e+00
1.087853312492370605e+00
1.336689352989196777e+00
1.339169383049011230e+00
1.192475795745849609e+00
1.325235962867736816e+00
1.235258460044860840e+00
1.332943916320800781e+00
1.186029791831970215e+00
1.499180197715759277e+00
9.427725076675415039e-01
1.226894140243530273e+00
1.220736265182495117e+00
1.395244717597961426e+00
1.222627043724060059e+00
1.118362903594970703e+00
1.429753541946411133e+00
9.522954225540161133e-01
9.677231907844543457e-01
1.364119529724121094e+00
1.339436292648315430e+00
1.441258668899536133e+00
1.148116707801818848e+00
1.184020042419433594e+00
9.668366312980651855e-01
1.237833261489868164e+00
8.758996129035949707e-01
1.113966345787048340e+00
1.142259836196899414e+00
1.280384182929992676e+00
1.313840746879577637e+00
9.435197710990905762e-01
9.933165907859802246e-01
9.754366874694824219e-01
1.382554054260253906e+00
1.140189766883850098e+00
1.174573063850402832e+00
1.120338559150695801e+00
1.130395412445068359e+00
1.520450592041015625e+00
1.360710620880126953e+00
9.701858162879943848e-01
1.368072867393493652e+00
1.150552034378051758e+00
9.394542574882507324e-01
1.375303268432617188e+00
1.176657795906066895e+00
1.185340285301208496e+00
1.173032879829406738e+00
1.362840533256530762e+00
1.422101497650146484e+00
1.302153468132019043e+00
1.195671796798706055e+00
1.167881131172180176e+00
1.414799690246582031e+00
1.436273574829101562e+00
1.359634995460510254e+00
1.115468978881835938e+00
1.211029291152954102e+00
1.215540170669555664e+00
1.164672017097473145e+00
1.325745224952697754e+00
1.377091526985168457e+00
1.196709156036376953e+00
1.323610067367553711e+00
9.613975882530212402e-01
1.109276056289672852e+00
1.094966411590576172e+00
1.320302009582519531e+00
1.267770648002624512e+00
1.302566766738891602e+00
1.178830742835998535e+00
1.327824950218200684e+00
1.060436844825744629e+00
1.394849658012390137e+00
9.743615388870239258e-01
1.278480648994445801e+00
1.139348864555358887e+00
9.242483377456665039e-01
1.400370717048645020e+00
1.409107446670532227e+00
1.326606631278991699e+00
1.160205245018005371e+00
1.332033395767211914e+00
1.314499855041503906e+00
1.020319581031799316e+00
1.145906686782836914e+00
1.154274106025695801e+00
1.143124461174011230e+00
1.162410020828247070e+00
1.410228371620178223e+00
1.378722190856933594e+00
1.348020672798156738e+00
1.201954007148742676e+00
1.310655474662780762e+00
9.677517414093017578e-01
1.147289991378784180e+00
1.274381637573242188e+00
1.314159989356994629e+00
9.449065327644348145e-01
1.421153187751770020e+00
1.280335903167724609e+00
1.160243272781372070e+00
1.162356853485107422e+00
1.343353867530822754e+00
1.357860565185546875e+00
1.266880154609680176e+00
1.326914668083190918e+00
1.362418651580810547e+00
1.357964158058166504e+00
1.290836095809936523e+00
1.222979068756103516e+00
8.121333122253417969e-01
8.568369150161743164e-01
1.171511411666870117e+00
1.183044791221618652e+00
1.425641655921936035e+00
1.058176636695861816e+00
9.438087940216064453e-01
1.411726117134094238e+00
1.261104464530944824e+00
1.501454591751098633e+00
1.284065723419189453e+00
1.151705503463745117e+00
1.296241164207458496e+00
1.071127653121948242e+00
1.358679771423339844e+00
1.119926810264587402e+00
1.136670947074890137e+00
1.392085075378417969e+00
1.348134517669677734e+00
1.474813938140869141e+00
1.302356839179992676e+00
1.529280543327331543e+00
1.179325938224792480e+00
1.157381772994995117e+00
1.129690766334533691e+00
7.827254533767700195e-01
1.136360526084899902e+00
1.114086508750915527e+00
9.454590678215026855e-01
7.450354099273681641e-01
1.318446397781372070e+00
1.104767441749572754e+00
1.131130814552307129e+00
1.212681889533996582e+00
1.266761541366577148e+00
1.119502305984497070e+00
1.011576414108276367e+00
1.420586943626403809e+00
1.102060675621032715e+00
1.145388603210449219e+00
1.137672185897827148e+00
1.347462415695190430e+00
1.147253155708312988e+00
1.362253069877624512e+00
1.107214212417602539e+00
1.345664739608764648e+00
1.306832313537597656e+00
1.026847362518310547e+00
1.273460268974304199e+00
1.268728256225585938e+00
1.386480450630187988e+00
1.389750361442565918e+00
1.219807744026184082e+00
1.363567948341369629e+00
7.196146249771118164e-01
9.925079345703125000e-01
1.295115828514099121e+00
1.336383461952209473e+00
1.207899093627929688e+00
9.453812837600708008e-01
1.359593749046325684e+00
1.255676746368408203e+00
1.202393531799316406e+00
1.259449005126953125e+00
1.316226720809936523e+00
1.199524998664855957e+00
1.266175031661987305e+00
1.161204814910888672e+00
1.210599660873413086e+00
9.280451536178588867e-01
1.402299523353576660e+00
1.333268642425537109e+00
1.185451745986938477e+00
1.119409918785095215e+00
1.064754962921142578e+00
1.386244416236877441e+00
1.360990285873413086e+00
1.257061839103698730e+00
1.299134492874145508e+00
1.394855737686157227e+00
1.179128170013427734e+00
1.384475231170654297e+00
1.128785967826843262e+00
1.078334569931030273e+00
1.154351472854614258e+00
1.533977150917053223e+00
1.024383425712585449e+00
1.361771702766418457e+00
1.281304955482482910e+00
1.131035208702087402e+00
1.351359367370605469e+00
1.100293278694152832e+00
1.340981245040893555e+00
9.450480937957763672e-01
1.123888254165649414e+00
1.422123789787292480e+00
1.157094240188598633e+00
1.133336186408996582e+00
1.444086194038391113e+00
1.222009420394897461e+00
1.249416708946228027e+00
1.146257400512695312e+00
1.154582619667053223e+00
1.346210360527038574e+00
1.113377571105957031e+00
1.198902130126953125e+00
1.252289891242980957e+00
1.278319478034973145e+00
1.383625507354736328e+00
1.125977754592895508e+00
1.288127541542053223e+00
1.052312016487121582e+00
1.239364504814147949e+00
1.156529426574707031e+00
1.112850308418273926e+00
1.422765970230102539e+00
1.184458971023559570e+00
1.276768445968627930e+00
9.700176715850830078e-01
1.255999207496643066e+00
1.240581512451171875e+00
1.280389666557312012e+00
1.150989651679992676e+00
1.097931861877441406e+00
1.196143746376037598e+00
1.409084200859069824e+00
9.290624260902404785e-01
1.072105884552001953e+00
1.384420990943908691e+00
1.339714407920837402e+00
1.281688332557678223e+00
1.193535685539245605e+00
1.229005813598632812e+00
1.003697037696838379e+00
9.927256107330322266e-01
1.187914729118347168e+00
1.392191171646118164e+00
1.209362506866455078e+00
1.088230252265930176e+00
1.104390025138854980e+00
1.360530257225036621e+00
9.477597475051879883e-01
1.162501811981201172e+00
1.198563933372497559e+00
1.204650521278381348e+00
1.110970854759216309e+00
1.195167064666748047e+00
1.179106354713439941e+00
1.489827632904052734e+00
1.221988201141357422e+00
1.194190263748168945e+00
1.459840655326843262e+00
1.128183960914611816e+00
1.340320110321044922e+00
1.450530886650085449e+00
1.347279429435729980e+00
9.139629006385803223e-01
1.167542338371276855e+00
1.154258251190185547e+00
1.171512007713317871e+00
1.169187307357788086e+00
1.356295704841613770e+00
1.201411962509155273e+00
1.330552935600280762e+00
1.455207228660583496e+00
1.052960872650146484e+00
1.235150218009948730e+00
1.223505735397338867e+00
1.202606797218322754e+00
1.141457915306091309e+00
1.414065361022949219e+00
1.084710955619812012e+00
1.300529718399047852e+00
1.144386291503906250e+00
1.134781479835510254e+00
1.222511172294616699e+00
1.290587067604064941e+00
1.357266187667846680e+00
1.436099290847778320e+00
1.143434405326843262e+00
1.111391782760620117e+00
1.183417677879333496e+00
1.431958675384521484e+00
1.186306118965148926e+00
1.316264748573303223e+00
1.276110410690307617e+00
1.210144519805908203e+00
1.410060167312622070e+00
1.272825598716735840e+00
8.936046957969665527e-01
1.356290221214294434e+00
1.387595891952514648e+00
1.137544274330139160e+00
1.151994347572326660e+00
1.175295233726501465e+00
8.707061409950256348e-01
1.303216457366943359e+00
1.439393520355224609e+00
1.148423552513122559e+00
1.271585702896118164e+00
1.229453444480895996e+00
1.225072860717773438e+00
1.456701040267944336e+00
1.156253695487976074e+00
1.355255722999572754e+00
9.116693735122680664e-01
1.185390353202819824e+00
1.325898051261901855e+00
1.311657786369323730e+00
1.296074032783508301e+00
1.197700023651123047e+00
1.465518593788146973e+00
1.113324284553527832e+00
1.154392838478088379e+00
1.133896946907043457e+00
1.159703135490417480e+00
1.165244460105895996e+00
1.051393270492553711e+00
9.467607736587524414e-01
1.399904847145080566e+00
9.687077999114990234e-01
1.203764677047729492e+00
1.342844128608703613e+00
1.019374608993530273e+00
1.402301311492919922e+00
1.287221074104309082e+00
1.203778147697448730e+00
1.594301104545593262e+00
1.456486463546752930e+00
9.191097617149353027e-01
1.144746303558349609e+00
9.714288711547851562e-01
1.098082661628723145e+00
1.419939637184143066e+00
1.174876570701599121e+00
9.533823132514953613e-01
1.138901233673095703e+00
1.430865049362182617e+00
1.257055044174194336e+00
1.129002213478088379e+00
1.129621863365173340e+00
1.238682985305786133e+00
1.197951555252075195e+00
1.134519100189208984e+00
1.170592784881591797e+00
1.124925732612609863e+00
9.632285833358764648e-01
1.433883309364318848e+00
1.334608435630798340e+00
1.130576729774475098e+00
1.343547463417053223e+00
1.442221045494079590e+00
1.158101439476013184e+00
1.407438039779663086e+00
1.173773884773254395e+00
1.337509155273437500e+00
1.352894425392150879e+00
1.144714951515197754e+00
1.309868454933166504e+00
1.063319921493530273e+00
1.054154753684997559e+00
1.357646465301513672e+00
1.337942957878112793e+00
1.213805317878723145e+00
1.193185091018676758e+00
1.214693546295166016e+00
1.512324690818786621e+00
9.197592735290527344e-01
1.226875066757202148e+00
1.108244776725769043e+00
1.342238068580627441e+00
1.335518836975097656e+00
1.159739136695861816e+00
1.135494947433471680e+00
9.679724574089050293e-01
1.120614051818847656e+00
