1.475441813468933105e+00
1.287388920783996582e+00
1.182661056518554688e+00
1.173655033111572266e+00
1.146181583404541016e+00
1.125995874404907227e+00
1.087119579315185547e+00
1.115335106849670410e+00
1.061177849769592285e+00
1.124207019805908203e+00
1.095906972885131836e+00
1.035162687301635742e+00
8.810044527053833008e-01
8.644329309463500977e-01
7.610375881195068359e-01
7.419687509536743164e-01
7.155017256736755371e-01
6.681247353553771973e-01
7.183894515037536621e-01
6.076338291168212891e-01
7.226541042327880859e-01
5.109550952911376953e-01
6.867344975471496582e-01
5.773707032203674316e-01
5.810555815696716309e-01
5.991933941841125488e-01
6.769503951072692871e-01
4.799304008483886719e-01
5.510590076446533203e-01
5.853171348571777344e-01
6.518868803977966309e-01
5.397722721099853516e-01
4.894201159477233887e-01
5.544145107269287109e-01
5.525093078613281250e-01
6.258540153503417969e-01
5.303245186805725098e-01
4.492639899253845215e-01
6.480109095573425293e-01
5.606367588043212891e-01
5.634343028068542480e-01
5.502330660820007324e-01
4.597484469413757324e-01
5.984368920326232910e-01
5.476511120796203613e-01
4.640352129936218262e-01
5.528327226638793945e-01
6.258643865585327148e-01
5.835898518562316895e-01
4.599983394145965576e-01
6.339100599288940430e-01
5.836049318313598633e-01
5.723915100097656250e-01
5.543422698974609375e-01
6.205490827560424805e-01
4.481004178524017334e-01
6.010993123054504395e-01
5.587893724441528320e-01
4.813555479049682617e-01
5.513169169425964355e-01
5.382460355758666992e-01
4.643379151821136475e-01
5.491100549697875977e-01
5.722628831863403320e-01
4.982810914516448975e-01
5.381663441658020020e-01
4.562484920024871826e-01
4.778128564357757568e-01
5.268287062644958496e-01
4.187161922454833984e-01
4.348781704902648926e-01
4.848780035972595215e-01
4.948022365570068359e-01
4.144297838211059570e-01
4.677816927433013916e-01
4.184082150459289551e-01
4.411779344081878662e-01
4.399156570434570312e-01
3.778839707374572754e-01
3.997788429260253906e-01
4.651013016700744629e-01
4.566487967967987061e-01
3.719242215156555176e-01
4.499955475330352783e-01
4.560543000698089600e-01
3.952084183692932129e-01
3.775925338268280029e-01
3.500814437866210938e-01
2.953954041004180908e-01
4.289212226867675781e-01
3.302346169948577881e-01
3.733309209346771240e-01
3.392453491687774658e-01
3.030935227870941162e-01
2.695582807064056396e-01
3.348228633403778076e-01
2.931962013244628906e-01
4.045132398605346680e-01
2.810851335525512695e-01
3.056149184703826904e-01
3.303011953830718994e-01
2.513182759284973145e-01
3.593858778476715088e-01
2.318514138460159302e-01
2.261867523193359375e-01
2.890028059482574463e-01
3.059530854225158691e-01
3.004302382469177246e-01
3.059085607528686523e-01
2.875286936759948730e-01
2.613333463668823242e-01
2.142051011323928833e-01
2.694063186645507812e-01
2.431928962469100952e-01
2.370256632566452026e-01
2.632156610488891602e-01
2.963805496692657471e-01
2.610062062740325928e-01
1.914459019899368286e-01
2.359014004468917847e-01
2.354403138160705566e-01
1.709914654493331909e-01
2.751630842685699463e-01
1.881515681743621826e-01
2.138982862234115601e-01
2.401132583618164062e-01
2.761988639831542969e-01
2.309633195400238037e-01
2.396403253078460693e-01
2.059926837682723999e-01
2.367148399353027344e-01
2.426363229751586914e-01
2.304254472255706787e-01
2.019563019275665283e-01
1.936009377241134644e-01
2.001063227653503418e-01
1.477814018726348877e-01
1.883509755134582520e-01
1.752860993146896362e-01
1.771874278783798218e-01
1.465836167335510254e-01
1.742231100797653198e-01
1.824504584074020386e-01
1.765978783369064331e-01
1.709936410188674927e-01
1.552246212959289551e-01
2.070266306400299072e-01
1.683228313922882080e-01
1.409813612699508667e-01
1.860531121492385864e-01
1.292668581008911133e-01
1.393183767795562744e-01
1.623761802911758423e-01
1.367134600877761841e-01
1.121658161282539368e-01
1.447629332542419434e-01
1.267890632152557373e-01
1.516567915678024292e-01
1.494291275739669800e-01
1.457170397043228149e-01
1.384932398796081543e-01
1.356499493122100830e-01
9.843429923057556152e-02
1.108190193772315979e-01
9.889864921569824219e-02
1.147038042545318604e-01
1.169501245021820068e-01
1.159482821822166443e-01
1.348165720701217651e-01
1.261485368013381958e-01
9.051954746246337891e-02
1.052055358886718750e-01
9.416399896144866943e-02
1.039686053991317749e-01
9.260209649801254272e-02
8.463960140943527222e-02
9.558675438165664673e-02
1.045763045549392700e-01
8.238096535205841064e-02
9.065258502960205078e-02
9.676790982484817505e-02
9.261164069175720215e-02
7.470902055501937866e-02
8.438390493392944336e-02
1.071358993649482727e-01
7.101700454950332642e-02
6.551777571439743042e-02
8.870986849069595337e-02
9.542970359325408936e-02
8.700335025787353516e-02
8.433983474969863892e-02
7.721676677465438843e-02
7.747954130172729492e-02
6.837261468172073364e-02
7.137047499418258667e-02
7.640482485294342041e-02
8.346555382013320923e-02
6.960733234882354736e-02
6.364057213068008423e-02
5.553889274597167969e-02
6.640204787254333496e-02
7.372354716062545776e-02
6.104473769664764404e-02
6.284446269273757935e-02
6.403107941150665283e-02
7.979764789342880249e-02
5.489236116409301758e-02
4.950817674398422241e-02
5.008977651596069336e-02
6.531844288110733032e-02
6.371376663446426392e-02
5.037360638380050659e-02
5.066796392202377319e-02
5.864112451672554016e-02
6.267634034156799316e-02
5.272649601101875305e-02
4.803366959095001221e-02
5.555325001478195190e-02
4.632785916328430176e-02
5.871474370360374451e-02
4.766143858432769775e-02
5.331041663885116577e-02
4.683211818337440491e-02
4.510114714503288269e-02
4.855631664395332336e-02
4.827022552490234375e-02
4.033683985471725464e-02
4.325037822127342224e-02
3.773513436317443848e-02
3.783759847283363342e-02
4.632237926125526428e-02
4.188437014818191528e-02
3.799874708056449890e-02
4.240967333316802979e-02
3.923761472105979919e-02
3.716596961021423340e-02
3.989803791046142578e-02
3.939259052276611328e-02
4.288365319371223450e-02
3.710748627781867981e-02
4.031858965754508972e-02
3.178596869111061096e-02
4.066404327750205994e-02
3.586704283952713013e-02
3.694416582584381104e-02
3.524219617247581482e-02
3.001978434622287750e-02
3.311555832624435425e-02
2.678728476166725159e-02
3.542159125208854675e-02
3.288756310939788818e-02
3.708633780479431152e-02
3.543987497687339783e-02
3.978078812360763550e-02
3.028567507863044739e-02
3.214627876877784729e-02
3.178935870528221130e-02
3.125183284282684326e-02
3.307119384407997131e-02
3.427902981638908386e-02
3.146778047084808350e-02
2.791166678071022034e-02
2.220422402024269104e-02
3.326949104666709900e-02
3.566368669271469116e-02
2.594782039523124695e-02
2.774356678128242493e-02
2.383742481470108032e-02
1.771556772291660309e-02
2.809034474194049835e-02
2.415853179991245270e-02
2.860950864851474762e-02
2.897292934358119965e-02
1.967834308743476868e-02
1.700977608561515808e-02
2.856303378939628601e-02
2.614075317978858948e-02
2.560777962207794189e-02
2.195921912789344788e-02
2.131121233105659485e-02
1.936762966215610504e-02
2.316925302147865295e-02
2.274541556835174561e-02
2.062281779944896698e-02
2.247943542897701263e-02
2.740456722676753998e-02
2.951671741902828217e-02
2.222595363855361938e-02
1.837640069425106049e-02
1.910949498414993286e-02
2.883313782513141632e-02
1.933732442557811737e-02
1.777936518192291260e-02
2.044962719082832336e-02
1.631170697510242462e-02
2.285599336028099060e-02
1.678435131907463074e-02
2.857420407235622406e-02
1.207791175693273544e-02
1.384664792567491531e-02
1.372034754604101181e-02
1.466286461800336838e-02
1.451002247631549835e-02
1.438490115106105804e-02
1.111570000648498535e-02
2.035749331116676331e-02
2.008507028222084045e-02
1.545479614287614822e-02
1.416748203337192535e-02
1.680958829820156097e-02
1.123979967087507248e-02
1.344865001738071442e-02
9.761169552803039551e-03
1.739092729985713959e-02
1.391618885099887848e-02
1.274218223989009857e-02
1.615349017083644867e-02
1.402467302978038788e-02
1.126601360738277435e-02
1.566836051642894745e-02
1.018076483160257339e-02
1.257421728223562241e-02
9.997642599046230316e-03
1.021656021475791931e-02
1.307652052491903305e-02
1.115473732352256775e-02
1.040877681225538254e-02
1.264528650790452957e-02
1.282115560024976730e-02
1.359845884144306183e-02
9.560252539813518524e-03
8.223079144954681396e-03
1.526160072535276413e-02
7.850255817174911499e-03
8.506211452186107635e-03
1.020841766148805618e-02
9.375378489494323730e-03
9.912648238241672516e-03
9.754336439073085785e-03
8.537444286048412323e-03
7.400196976959705353e-03
6.331767421215772629e-03
1.172727160155773163e-02
1.085613854229450226e-02
8.208842948079109192e-03
8.840550668537616730e-03
1.566696539521217346e-02
9.341770783066749573e-03
1.056967210024595261e-02
7.371360901743173599e-03
1.244180276989936829e-02
8.201470598578453064e-03
5.960536189377307892e-03
1.071948092430830002e-02
7.952570915222167969e-03
8.173245936632156372e-03
7.783749606460332870e-03
8.825704455375671387e-03
8.953946642577648163e-03
5.820093210786581039e-03
8.591908961534500122e-03
7.760025560855865479e-03
9.302864782512187958e-03
6.871724035590887070e-03
6.083691492676734924e-03
7.315816357731819153e-03
1.072861347347497940e-02
8.104059845209121704e-03
1.219733245670795441e-02
7.330018095672130585e-03
4.479734227061271667e-03
7.539212703704833984e-03
6.306989584118127823e-03
8.501290343701839447e-03
7.092710118740797043e-03
6.543472409248352051e-03
4.969710484147071838e-03
9.928985498845577240e-03
7.624126505106687546e-03
4.635680466890335083e-03
9.066277183592319489e-03
8.303177542984485626e-03
1.199826970696449280e-02
6.481413729488849640e-03
5.357232876121997833e-03
7.104178424924612045e-03
3.931908402591943741e-03
8.708572946488857269e-03
4.571941681206226349e-03
7.509355898946523666e-03
1.200894173234701157e-02
8.632835932075977325e-03
4.283583257347345352e-03
6.204783450812101364e-03
7.274521514773368835e-03
4.414350725710391998e-03
7.530493661761283875e-03
4.415230359882116318e-03
5.026613827794790268e-03
6.076709832996129990e-03
8.025282993912696838e-03
7.129774894565343857e-03
3.524850355461239815e-03
6.621676962822675705e-03
8.012142963707447052e-03
3.776184981688857079e-03
4.312715958803892136e-03
5.195710342377424240e-03
5.562246777117252350e-03
3.254818497225642204e-03
5.006020423024892807e-03
6.590804085135459900e-03
2.514306455850601196e-03
3.198625985532999039e-03
5.169496871531009674e-03
4.023484420031309128e-03
4.100246820598840714e-03
2.995822345837950706e-03
5.600954871624708176e-03
2.737164497375488281e-03
3.576994873583316803e-03
5.052889231592416763e-03
5.748885218054056168e-03
3.754468169063329697e-03
4.460929427295923233e-03
4.518572241067886353e-03
4.878059029579162598e-03
3.805791726335883141e-03
4.692578222602605820e-03
5.423102527856826782e-03
5.419284105300903320e-03
2.238958375528454781e-03
3.437407780438661575e-03
2.943054540082812309e-03
2.472111256793141365e-03
3.844187362119555473e-03
4.736861214041709900e-03
4.996463656425476074e-03
4.426775034517049789e-03
4.147317726165056229e-03
2.831908874213695526e-03
3.434309270232915878e-03
5.525661166757345200e-03
2.463352633640170097e-03
4.240735433995723724e-03
2.743889112025499344e-03
4.501358605921268463e-03
2.310710726305842400e-03
1.878440380096435547e-03
3.053914755582809448e-03
3.175919642671942711e-03
1.155691454187035561e-03
2.970210509374737740e-03
3.149127820506691933e-03
3.278344869613647461e-03
2.654980635270476341e-03
3.017456270754337311e-03
2.017527120187878609e-03
4.381447099149227142e-03
2.566581126302480698e-03
4.073639865964651108e-03
2.077648183330893517e-03
2.431817352771759033e-03
2.474522450938820839e-03
2.079766476526856422e-03
5.701334681361913681e-03
2.624412532895803452e-03
3.963852766901254654e-03
2.527321223169565201e-03
1.452124328352510929e-03
4.213494248688220978e-03
3.014375921338796616e-03
1.989889657124876976e-03
2.218390814960002899e-03
6.946998182684183121e-03
2.359745092689990997e-03
2.064105356112122536e-03
2.051277086138725281e-03
2.446311991661787033e-03
1.912899664603173733e-03
2.622371772304177284e-03
1.696900348179042339e-03
2.020426793023943901e-03
2.071481896564364433e-03
3.007111605256795883e-03
2.534564584493637085e-03
2.173742279410362244e-03
2.402806654572486877e-03
1.900056842714548111e-03
2.564804395660758018e-03
1.821763231419026852e-03
1.125755254179239273e-03
1.903024152852594852e-03
2.036964986473321915e-03
1.157090067863464355e-03
1.220768666826188564e-03
1.668264274485409260e-03
1.071613864041864872e-03
1.362459850497543812e-03
1.135001541115343571e-03
1.444126944988965988e-03
1.767330337315797806e-03
1.947018434293568134e-03
1.292715780436992645e-03
2.631324110552668571e-03
1.945292227901518345e-03
1.430873642675578594e-03
1.595275010913610458e-03
1.159264473244547844e-03
1.536459429189562798e-03
2.976950490847229958e-03
1.845541526563465595e-03
1.329232589341700077e-03
1.426011323928833008e-03
1.049022190272808075e-03
2.234743442386388779e-03
1.673636841587722301e-03
9.905115002766251564e-04
1.431491808034479618e-03
1.961536705493927002e-03
1.787787186913192272e-03
1.444544875994324684e-03
6.986996741034090519e-04
1.341049210168421268e-03
2.186090685427188873e-03
2.029327442869544029e-03
1.037729787640273571e-03
1.487918198108673096e-03
1.747660688124597073e-03
1.832116628065705299e-03
2.135909395292401314e-03
1.150707132183015347e-03
1.182318548671901226e-03
1.937122666276991367e-03
1.185229280963540077e-03
1.614075968973338604e-03
1.287217834033071995e-03
9.695087792351841927e-04
6.892093224450945854e-04
8.584267925471067429e-04
9.867517510429024696e-04
3.522215643897652626e-03
2.783083356916904449e-03
7.670041522942483425e-04
1.825144165195524693e-03
9.238336933776736259e-04
1.131511875428259373e-03
1.147744827903807163e-03
5.996095133014023304e-04
1.778281060978770256e-03
1.293084700591862202e-03
1.319223898462951183e-03
1.452270778827369213e-03
1.874248147942125797e-03
8.729845285415649414e-04
2.506592776626348495e-03
1.661765272729098797e-03
8.265454089269042015e-04
9.514673729427158833e-04
7.875442388467490673e-04
6.239131325855851173e-04
1.960772788152098656e-03
1.146060065366327763e-03
5.497203092090785503e-04
6.455212715081870556e-04
1.922552823089063168e-03
1.085130963474512100e-03
1.253819791600108147e-03
6.809883052483201027e-04
5.451768520288169384e-04
5.973473307676613331e-04
2.153143286705017090e-03
1.158795552328228951e-03
1.089654862880706787e-03
9.810348274186253548e-04
8.377898484468460083e-04
9.193122386932373047e-04
7.393140112981200218e-04
1.702627167105674744e-03
1.006449223496019840e-03
1.734355697408318520e-03
2.850298304110765457e-03
5.932275089435279369e-04
4.775135021191090345e-04
5.154545069672167301e-04
1.206642598845064640e-03
1.220985548570752144e-03
1.090770238079130650e-03
5.706708179786801338e-04
8.196163689717650414e-04
1.576972543261945248e-03
1.370146870613098145e-03
5.302820354700088501e-04
9.188978583551943302e-04
9.588222601450979710e-04
9.101511677727103233e-04
1.857717637903988361e-03
9.382491116411983967e-04
3.381700953468680382e-04
4.830859252251684666e-04
6.327094160951673985e-04
7.662536227144300938e-04
1.063304836861789227e-03
1.066026277840137482e-03
6.103672785684466362e-04
1.083727227523922920e-03
5.293403519317507744e-04
8.559758425690233707e-04
1.401219284161925316e-03
3.410421777516603470e-03
6.812147912569344044e-04
7.582794642075896263e-04
8.467733860015869141e-04
1.199669437482953072e-03
6.977602024562656879e-04
2.293280558660626411e-03
1.699559739790856838e-03
9.687319397926330566e-04
1.023115124553442001e-03
7.411923143081367016e-04
1.594091998413205147e-03
3.944918571505695581e-04
7.536618504673242569e-04
2.222326147602871060e-04
7.347543141804635525e-04
7.123529794625937939e-04
1.989962533116340637e-03
2.443827688694000244e-04
9.844523156061768532e-04
4.445502709131687880e-04
1.109952456317842007e-03
7.857978343963623047e-04
1.536993542686104774e-03
8.447377476841211319e-04
1.263160142116248608e-03
5.088272737339138985e-04
1.008980674669146538e-03
1.033008913509547710e-03
4.094392061233520508e-04
1.894888468086719513e-03
3.181528067216277122e-03
1.027674996294081211e-03
7.971980376169085503e-04
8.052438497543334961e-04
5.414473125711083412e-04
1.220296719111502171e-03
5.795175093226134777e-04
8.960187551565468311e-04
6.150314002297818661e-04
7.426291704177856445e-04
3.166924288962036371e-04
5.117153050377964973e-04
5.426168791018426418e-04
5.662623443640768528e-04
5.663007614202797413e-04
6.234096945263445377e-04
1.455859630368649960e-03
1.165141700766980648e-03
9.223183733411133289e-04
2.610631636343896389e-04
4.318862047512084246e-04
4.404993669595569372e-04
2.737054135650396347e-03
5.962465656921267509e-04
5.404156167060136795e-03
6.431553047150373459e-04
2.819891553372144699e-03
3.629282291512936354e-04
3.689592413138598204e-04
6.388411857187747955e-04
8.815867477096617222e-04
4.063248634338378906e-04
2.095202653435990214e-04
4.500086070038378239e-04
1.670816564001142979e-03
4.820346657652407885e-04
4.996199277229607105e-04
1.492813928052783012e-03
3.737632068805396557e-04
4.320724983699619770e-04
5.292959394864737988e-04
4.730726068373769522e-04
2.009021554840728641e-04
2.867701405193656683e-04
4.206560552120208740e-04
4.614764184225350618e-04
3.913648542948067188e-04
6.854404928162693977e-04
4.134867340326309204e-04
2.709898399189114571e-04
2.590370131656527519e-03
1.300988253206014633e-03
5.229779635556042194e-04
2.180039882659912109e-04
5.029306048527359962e-04
6.023331661708652973e-04
5.682927439920604229e-04
5.605901824310421944e-04
9.887908818200230598e-04
8.859349763952195644e-04
8.397623896598815918e-04
7.102740346454083920e-04
9.327452280558645725e-04
7.313376409001648426e-04
3.740191459655761719e-04
3.850526409223675728e-04
5.553804803639650345e-04
4.706270992755889893e-04
4.914211458526551723e-04
3.179684281349182129e-04
2.360211510676890612e-04
5.019378149881958961e-04
7.968190475367009640e-04
3.954782441724091768e-04
9.642740478739142418e-04
9.995064465329051018e-04
7.257038378156721592e-04
4.725825274363160133e-04
2.831403107848018408e-04
4.424552025739103556e-04
7.152996840886771679e-04
5.378205678425729275e-04
6.076176068745553493e-04
2.991830406244844198e-04
7.754580001346766949e-04
9.366491576656699181e-04
7.313850219361484051e-04
4.137158393859863281e-04
4.645917215384542942e-04
1.901230425573885441e-04
1.888780272565782070e-03
5.869410815648734570e-04
4.896039026789367199e-04
3.467187343630939722e-04
2.572520752437412739e-04
2.966948959510773420e-04
4.475514288060367107e-04
4.637367965187877417e-04
2.660068566910922527e-04
3.528027446009218693e-04
2.791631268337368965e-04
4.942917730659246445e-04
4.117681819479912519e-04
8.370850700885057449e-04
6.003975868225097656e-04
3.216862678527832031e-04
2.280163025716319680e-04
6.236441549845039845e-04
4.268675984349101782e-04
3.223027160856872797e-04
3.965215582866221666e-04
5.285473307594656944e-04
2.938702818937599659e-04
8.282214403152465820e-04
3.139408072456717491e-04
4.675045784097164869e-04
2.797950583044439554e-04
3.259051591157913208e-04
4.630481707863509655e-04
2.041018597083166242e-04
4.304647445678710938e-04
5.538091063499450684e-04
6.167116807773709297e-04
5.401223897933959961e-04
1.680354325799271464e-04
1.994441961869597435e-03
5.395114421844482422e-04
4.308566567488014698e-04
2.345533575862646103e-04
7.373208645731210709e-04
2.593705663457512856e-03
3.903860633727163076e-04
2.308358380105346441e-04
7.625206490047276020e-04
2.134818205377086997e-04
1.918661146191880107e-04
2.344940876355394721e-04
9.933741239365190268e-05
1.976490020751953125e-04
2.065107255475595593e-04
6.319472449831664562e-04
5.926916492171585560e-04
3.401786088943481445e-04
5.513884825631976128e-04
2.462752163410186768e-04
1.400007895426824689e-04
2.128995110979303718e-04
3.345176519360393286e-04
2.308519324287772179e-04
9.976521687349304557e-05
2.598803257569670677e-04
7.201122352853417397e-04
4.882571229245513678e-04
3.043617180082947016e-04
6.277028005570173264e-04
5.088963662274181843e-04
2.060485276160761714e-04
1.057911504176445305e-04
4.445527447387576103e-04
2.731934364419430494e-04
1.752545067574828863e-04
6.078680598875507712e-05
2.912526833824813366e-04
2.414191985735669732e-04
3.889517684001475573e-04
5.747634568251669407e-04
2.787583798635751009e-04
2.144290774594992399e-04
1.090466976165771484e-04
6.631111609749495983e-04
1.238703698618337512e-04
1.144233101513236761e-04
9.796567028388381004e-04
1.411987032042816281e-04
6.175952730700373650e-04
3.628201084211468697e-04
7.376983994618058205e-04
3.401078283786773682e-04
2.954339433927088976e-04
9.583868086338043213e-05
2.069666952593252063e-04
1.267633924726396799e-04
9.998537279898300767e-05
3.445810871198773384e-04
1.171957701444625854e-04
2.074480144074186683e-04
2.844913105946034193e-04
6.104052299633622169e-04
1.715946855256333947e-04
3.775813966058194637e-04
7.653236389160156250e-05
3.065764904022216797e-04
1.362800685456022620e-04
1.597498630871996284e-04
3.372397623024880886e-04
2.060565748251974583e-04
2.597371640149503946e-04
3.445054462645202875e-04
3.583150682970881462e-04
4.044200177304446697e-04
6.378406396834179759e-05
2.585185866337269545e-04
1.927925186464563012e-04
1.716754049994051456e-04
3.601877251639962196e-04
1.373844570480287075e-04
4.888210096396505833e-04
1.940578222274780273e-04
1.534327311674132943e-04
7.459792686859145761e-05
3.084509517066180706e-04
3.165979287587106228e-04
2.134109236067160964e-04
3.506326174829155207e-04
6.513550761155784130e-04
1.020835479721426964e-03
1.406574883731082082e-04
3.971144615206867456e-04
8.889377349987626076e-04
2.680789039004594088e-04
3.946484939660876989e-04
5.705858347937464714e-04
1.847843377618119121e-04
2.538139815442264080e-04
3.782887361012399197e-04
1.337001158390194178e-04
5.658567170030437410e-05
5.311986315064132214e-04
2.543930895626544952e-03
4.955737676937133074e-05
7.054553861962631345e-05
2.104090963257476687e-04
1.736794220050796866e-04
9.859239216893911362e-04
9.902980673359706998e-05
9.956104622688144445e-05
1.829124666983261704e-04
1.347394427284598351e-04
6.389684276655316353e-04
1.320528972428292036e-04
2.237558364868164062e-04
1.257250260096043348e-04
3.829151391983032227e-04
3.162272623740136623e-04
2.155750989913940430e-04
2.345944085391238332e-04
6.729020969942212105e-05
1.648639736231416464e-04
1.495101314503699541e-04
4.531204758677631617e-04
5.406648269854485989e-04
1.780263119144365191e-04
1.019568808260373771e-04
2.050384064204990864e-04
4.116384370718151331e-04
3.371317288838326931e-04
1.370284880977123976e-04
1.868281688075512648e-04
2.599716244731098413e-04
2.142699377145618200e-04
2.399815421085804701e-04
1.549409207655116916e-04
9.829682676354423165e-05
1.785337954061105847e-04
8.980476559372618794e-05
7.223541615530848503e-05
2.822347742039710283e-04
3.789428155869245529e-04
2.432735200272873044e-04
1.062855153577402234e-04
1.544697006465867162e-04
1.052916049957275391e-04
1.199867401737719774e-04
9.573935531079769135e-04
5.025612190365791321e-04
9.467656491324305534e-05
2.578968997113406658e-04
5.368660786189138889e-04
1.808675879146903753e-04
1.219526748172938824e-04
9.346836304757744074e-05
5.147159099578857422e-04
1.093258979381062090e-04
5.274514478514902294e-05
3.434291866142302752e-04
8.207133942050859332e-05
7.534545875387266278e-05
1.523494720458984375e-04
1.437393220840021968e-04
1.629035687074065208e-04
4.981065867468714714e-04
7.451148121617734432e-05
6.961195322219282389e-05
1.737610873533412814e-04
2.320593339391052723e-04
2.199974405812099576e-04
1.030201674439013004e-03
1.267180632567033172e-04
1.357323199044913054e-04
3.194141900166869164e-04
1.938546920428052545e-04
4.938853671774268150e-04
5.718356260331347585e-05
1.120836968766525388e-04
9.740026143845170736e-05
1.144986672443337739e-04
4.353851254563778639e-04
2.915070217568427324e-04
2.661023754626512527e-04
2.335026947548612952e-04
1.574819470988586545e-04
1.304026955040171742e-04
1.242458820343017578e-04
6.691136513836681843e-04
4.039439954794943333e-04
1.885479432530701160e-04
1.480032951803877950e-04
5.337119000614620745e-05
1.046409233822487295e-04
1.301458454690873623e-03
1.715798134682700038e-04
2.346645924262702465e-04
1.329752558376640081e-04
2.517293905839323997e-04
1.960396766662597656e-04
7.420352631015703082e-05
2.083841100102290511e-04
1.276030234294012189e-04
7.250209455378353596e-04
2.029806346399709582e-04
3.296309441793709993e-04
1.120847809943370521e-04
8.249439997598528862e-05
1.958817301783710718e-04
8.904082642402499914e-05
1.265264145331457257e-04
1.885965466499328613e-04
2.937184472102671862e-04
1.317435235250741243e-04
1.970034791156649590e-04
6.630175048485398293e-04
1.621868286747485399e-04
5.250331014394760132e-04
2.788484271150082350e-04
8.791238360572606325e-05
1.770163798937574029e-04
1.461928186472505331e-04
2.084290172206237912e-04
5.888719460926949978e-04
1.794256677385419607e-04
5.173528334125876427e-04
2.550482749938964844e-04
4.558530054055154324e-04
6.326701986836269498e-05
9.944289922714233398e-05
6.037009370629675686e-05
1.625944569241255522e-04
7.902384095359593630e-05
7.843030471121892333e-05
1.406488299835473299e-04
2.334862947463989258e-04
2.974458038806915283e-04
5.805386463180184364e-04
7.201194966910406947e-05
7.919034105725586414e-04
6.543912604684010148e-05
1.092594582587480545e-03
1.165255889645777643e-04
1.742162567097693682e-04
1.413611753378063440e-04
7.237643148982897401e-05
1.202457497129216790e-04
2.429329324513673782e-04
2.292818098794668913e-04
2.666201908141374588e-04
1.887927501229569316e-04
9.947074431693181396e-05
2.145484177162870765e-04
8.036779763642698526e-05
1.178966340376064181e-04
4.622475898941047490e-05
1.325090997852385044e-03
1.925846008816733956e-04
3.025882644578814507e-03
5.464255809783935547e-05
1.114425467676483095e-04
1.383054914185777307e-04
1.382153277518227696e-04
7.600751268910244107e-05
1.207071836688555777e-04
6.605101953027769923e-05
9.336142102256417274e-04
1.492343435529619455e-04
5.403906106948852539e-05
7.513449236284941435e-05
8.602142770541831851e-05
1.577540679136291146e-04
1.025670426315627992e-04
7.532183080911636353e-04
3.211129296687431633e-05
7.753968384349718690e-05
2.224478521384298801e-04
7.115367334336042404e-04
1.262492587557062507e-04
6.187589315231889486e-05
6.873409438412636518e-05
1.034154774970375001e-04
7.934703171486034989e-05
1.754596887622028589e-04
3.213071322534233332e-04
1.001813870971091092e-04
8.708380482858046889e-05
2.155005931854248047e-04
6.367187597788870335e-05
6.459440919570624828e-05
6.454587128246203065e-05
1.469999551773071289e-04
2.291673154104501009e-04
7.329622167162597179e-04
8.128087210934609175e-05
7.229894254123792052e-05
1.718193379929289222e-04
1.054043386830016971e-04
3.253287868574261665e-04
1.885451783891767263e-04
6.641518848482519388e-05
3.545908839441835880e-05
7.892995927250012755e-05
5.226072607911191881e-05
5.744397640228271484e-05
1.280009746551513672e-04
1.241051504621282220e-04
1.074394094757735729e-04
7.149875455070286989e-05
3.025547484867274761e-04
1.752241078065708280e-04
7.014721632003784180e-05
1.107397547457367182e-04
7.684921001782640815e-05
1.236168900504708290e-04
1.591475447639822960e-04
1.370037789456546307e-04
3.216313780285418034e-04
1.158234881586395204e-04
1.948674616869539022e-04
1.372913538943976164e-04
4.809349775314331055e-05
5.795807010144926608e-05
5.988506018184125423e-05
7.298737909877672791e-05
1.308281498495489359e-04
1.230143097927793860e-04
7.642060518264770508e-05
2.307191462023183703e-04
1.336137502221390605e-04
3.301551041658967733e-04
1.459270697523606941e-05
6.713569018756970763e-05
2.737736213020980358e-04
9.091119864024221897e-05
7.325067417696118355e-05
5.015134956920519471e-05
8.036693179747089744e-05
5.272875423543155193e-04
1.582577824592590332e-04
3.511281465762294829e-05
6.502395990537479520e-05
9.546511864755302668e-05
9.974241402233019471e-05
1.679450360825285316e-04
1.077089036698453128e-04
4.749000072479248047e-05
3.838113480014726520e-05
3.040621231775730848e-05
1.814805291360244155e-04
6.435977411456406116e-05
3.897814312949776649e-04
1.101940870285034180e-04
3.407730036997236311e-05
1.907438039779663086e-03
4.834066203329712152e-05
1.487947156419977546e-04
7.231468771351501346e-05
1.001244527287781239e-04
3.764198845601640642e-05
2.086916356347501278e-04
1.818083546822890639e-05
1.383125782012939453e-04
1.012557404465042055e-04
1.723302848404273391e-04
4.792362597072497010e-05
6.926894275238737464e-05
1.235178497154265642e-04
2.837494866980705410e-05
1.495463075116276741e-04
2.557805564720183611e-04
2.715148366405628622e-05
7.169626042013987899e-05
2.643764019012451172e-04
9.260906517738476396e-05
7.881459168856963515e-05
7.699508569203317165e-05
7.091327279340475798e-05
1.743008469929918647e-04
3.180556086590513587e-05
6.570816040039062500e-04
2.931201015599071980e-04
3.982374619226902723e-05
5.383115494623780251e-04
5.889766907785087824e-05
4.646052548196166754e-05
4.061530489707365632e-05
1.336461573373526335e-04
1.444054942112416029e-04
4.193037748336791992e-04
1.450209383619949222e-04
2.430894237477332354e-04
1.700185239315032959e-04
1.181364204967394471e-04
1.943241113622207195e-05
4.099607394891791046e-05
1.797108416212722659e-04
5.828393113915808499e-05
1.996576756937429309e-04
2.596324156911578029e-05
4.580319000524468720e-05
1.218295146827585995e-04
6.604601367143914104e-05
1.486957044107839465e-04
3.287778235971927643e-04
6.691092130495235324e-05
1.246177707798779011e-04
2.740866912063211203e-04
1.831137487897649407e-04
3.353925130795687437e-04
2.246379881398752332e-05
5.323564255377277732e-05
1.768212532624602318e-04
4.535317566478624940e-05
1.854741130955517292e-03
3.617731272242963314e-05
7.660190749447792768e-05
2.106052852468565106e-04
7.008347165537998080e-05
4.640999031835235655e-05
8.313145372085273266e-05
4.642731437343172729e-05
1.690563949523493648e-04
7.107383135007694364e-05
4.935154574923217297e-04
1.814497809391468763e-04
1.578722149133682251e-04
1.146388021879829466e-04
3.150512202410027385e-05
4.263771188561804593e-05
8.706942753633484244e-05
3.417698826524429023e-05
5.552421134780161083e-05
3.361536437296308577e-05
4.094218456884846091e-05
3.550811379682272673e-05
3.553783753886818886e-04
5.687986049451865256e-05
3.685057163238525391e-05
1.611317420611158013e-04
9.943680925061926246e-05
2.142014855053275824e-04
6.098548692534677684e-05
7.599025411764159799e-05
1.139325322583317757e-04
1.734226971166208386e-04
1.071610240614973009e-04
3.301529795862734318e-05
2.865946735255420208e-04
8.724443614482879639e-05
1.756660640239715576e-04
1.102134629036299884e-04
4.757869828608818352e-05
2.325233945157378912e-04
5.767121911048889160e-05
5.903840065002441406e-05
9.500815212959423661e-05
4.306592163629829884e-04
3.546476364135742188e-05
3.693849066621623933e-05
5.868187872692942619e-05
1.517666678410023451e-04
1.064297684933990240e-04
3.349781036376953125e-05
1.730887561279814690e-05
1.284711906919255853e-04
7.328060019062831998e-05
5.214838893152773380e-05
1.932111772475764155e-04
3.481805470073595643e-05
6.482475873781368136e-05
6.205250247148796916e-05
8.699085447005927563e-05
6.420413410523906350e-05
3.426047987886704504e-05
1.272057270398363471e-04
7.073022425174713135e-05
1.793063347577117383e-05
3.146131712128408253e-05
1.242350481334142387e-05
1.058371199178509414e-04
5.949402693659067154e-04
6.053845208953134716e-05
2.273491554660722613e-05
1.440048163203755394e-05
5.496249650605022907e-05
3.987976378994062543e-05
5.102634167997166514e-05
3.271135938121005893e-05
6.197464244905859232e-05
1.832528214436024427e-04
1.361112808808684349e-04
6.190201384015381336e-05
1.141899520007427782e-05
4.876757884630933404e-05
1.988442381843924522e-04
2.046635381702799350e-05
4.963512037647888064e-05
4.318687570048496127e-05
9.259063517674803734e-05
3.597708200686611235e-05
9.177171887131407857e-05
2.496689558029174805e-05
1.020416602841578424e-04
2.454111527185887098e-04
3.036111593246459961e-05
1.816516305552795529e-05
1.051454310072585940e-04
2.664923704287502915e-05
9.967717778636142612e-05
7.081502553774043918e-05
3.718075095093809068e-05
1.220878795720636845e-03
4.749235449708066881e-05
5.674788189935497940e-05
3.435214603086933494e-05
7.940964860608801246e-05
7.056241884129121900e-05
4.507468838710337877e-04
2.612366806715726852e-03
3.873450623359531164e-05
1.647075077926274389e-05
1.341658062301576138e-04
3.175516030751168728e-05
1.012504144455306232e-04
3.764940265682525933e-05
1.377066073473542929e-04
4.917234400636516511e-05
6.019738066243007779e-05
2.397171192569658160e-05
6.296880746958777308e-05
4.398647433845326304e-05
5.442897600005380809e-05
1.608794118510559201e-04
1.666106618358753622e-05
4.162788536632433534e-05
3.965795258409343660e-05
3.949943129555322230e-05
2.421013050479814410e-04
1.912713050842285156e-04
4.575933780870400369e-05
7.697627879679203033e-04
4.638791142497211695e-05
8.132628136081621051e-05
1.042729127220809460e-04
2.730041705945041031e-05
6.494298577308654785e-05
1.214742660522460938e-04
2.279877662658691406e-05
4.865492155659012496e-05
2.168267928936984390e-05
5.316734313964843750e-05
4.154443740844726562e-05
1.397728919982910156e-05
8.843839168548583984e-05
7.894387090345844626e-05
2.911822411988396198e-05
9.207881521433591843e-05
2.205547207267954946e-05
4.433734284248203039e-05
1.971068923012353480e-05
1.484349340898916125e-04
2.459401184751186520e-05
8.975135278888046741e-05
5.034605783293955028e-05
3.432876837905496359e-05
9.093159314943477511e-05
2.457797563693020493e-05
3.786838715313933790e-05
5.335183595889247954e-05
2.838075124600436538e-05
5.304627120494842529e-05
4.280465145711787045e-05
3.404915332794189453e-05
1.048974081641063094e-04
5.800951112178154290e-05
4.904469096800312400e-05
3.614359593484550714e-05
3.080566966673359275e-05
8.888001320883631706e-05
2.466895093675702810e-04
1.009225888992659748e-04
8.929485193220898509e-05
2.042259002337232232e-04
3.790541813941672444e-05
4.095137046533636749e-05
1.667471369728446007e-04
1.842913625296205282e-04
4.827348675462417305e-05
4.964015170116908848e-05
6.394443335011601448e-05
1.421226988895796239e-05
1.989434676943346858e-04
6.103963096393272281e-05
4.324755282141268253e-04
2.019107341766357422e-05
6.011426376062445343e-05
6.467103958129882812e-05
4.135711060371249914e-05
2.295672857144381851e-05
2.267049785587005317e-05
9.496781422058120370e-05
1.465462992200627923e-04
2.693881651794072241e-05
6.489534280262887478e-05
4.329875227995216846e-04
7.535777986049652100e-04
2.614595177874434739e-05
6.352067430270835757e-05
2.192509782616980374e-05
1.005679368972778320e-04
4.422846832312643528e-04
5.779722050647251308e-05
7.992386963451281190e-05
5.000423334422521293e-05
5.995234096189960837e-05
3.746241272892802954e-04
2.648649024195037782e-05
5.835165211465209723e-05
2.318117767572402954e-04
1.134839330916292965e-04
1.015060042846016586e-04
4.674163210438564420e-05
2.750903331616427749e-05
3.953775012632831931e-05
4.418123353389091790e-05
2.505591146473307163e-05
1.904699638544116169e-05
6.110221147537231445e-05
5.148272612132132053e-04
2.394292641838546842e-05
1.226094627782003954e-05
2.225827120128087699e-05
3.074563210248015821e-05
1.827116357162594795e-03
8.542104042135179043e-04
1.578629016876220703e-04
3.366917371749877930e-05
8.234530832851305604e-05
4.630810508388094604e-05
2.101063728332519531e-05
3.120586916338652372e-05
3.292589099146425724e-05
3.810226917266845703e-05
2.332719595870003104e-04
7.786329952068626881e-04
8.735246956348419189e-05
5.143907037563621998e-04
2.227607765235006809e-04
2.338940430490765721e-05
2.707384119275957346e-04
1.739296749292407185e-05
2.842396497726440430e-05
3.047411701118107885e-05
1.084453924704575911e-05
4.617157173925079405e-05
2.788979145407211035e-05
2.633586700540035963e-04
1.204155796585837379e-05
2.314474295417312533e-05
3.917844733223319054e-04
1.951404374267440289e-05
2.449303974572103471e-05
1.637761852180119604e-05
1.914302447403315455e-05
8.425542182521894574e-05
3.384189403732307255e-05
7.435530278598889709e-05
3.380030466360040009e-05
3.452862074482254684e-05
7.877566531533375382e-05
3.511968316161073744e-05
2.824005423462949693e-05
7.297640695469453931e-05
3.181249121553264558e-05
2.647073597472626716e-05
4.501309740589931607e-05
4.429566251928918064e-05
1.293734476348618045e-05
5.091354250907897949e-05
2.777927147690206766e-05
1.654525658523198217e-05
4.097505734534934163e-05
4.114325201953761280e-05
2.945184824056923389e-04
1.021557400235906243e-04
2.158756105927750468e-04
4.746168997371569276e-05
2.924501859524752945e-05
3.933161497116088867e-05
5.513041105587035418e-05
1.722731030895374715e-05
5.375203909352421761e-05
3.859400749206542969e-05
4.924509994452819228e-05
9.705832053441554308e-05
6.467699859058484435e-05
2.253055572509765625e-05
1.991604076465591788e-04
6.868276250315830112e-05
4.090368747711181641e-05
5.843241888214834034e-05
1.686811447143554688e-05
5.120959249325096607e-04
8.334716403624042869e-05
4.437565803527832031e-05
3.107935117441229522e-05
1.136348364525474608e-04
1.061348375515080988e-04
5.902898919885046780e-05
2.294629848620388657e-05
3.904672121279872954e-05
3.405064489925280213e-05
4.971968519384972751e-05
1.089658107957802713e-04
3.976285515818744898e-04
1.520726247690618038e-03
1.597231894265860319e-04
1.450588842999422923e-05
9.211899305228143930e-05
1.617272755538579077e-05
4.480613642954267561e-05
1.552367903059348464e-04
1.314062828896567225e-04
2.308488001290243119e-05
1.069605350494384766e-04
2.014686615439131856e-04
4.992186950403265655e-05
5.150873039383441210e-05
3.760179388336837292e-04
1.844634243752807379e-05
2.181812305934727192e-04
2.028942071774508804e-05
1.512105081928893924e-04
3.304450001451186836e-05
4.974149487679824233e-05
2.935917473223526031e-05
7.097030902514234185e-05
3.240160731365904212e-05
4.504025127971544862e-05
7.709861529292538762e-05
3.916025161743164062e-05
7.529164577135816216e-05
1.882729338831268251e-05
1.522898674011230469e-05
1.653713552514091134e-04
1.742651511449366808e-05
2.032402699114754796e-04
3.599714182200841606e-05
2.809731631714385003e-05
9.678710921434685588e-05
7.500142091885209084e-04
1.012506836559623480e-04
3.595069865696132183e-04
2.439706440782174468e-05
2.758283335424493998e-05
1.269768690690398216e-04
1.020460040308535099e-04
1.522085949545726180e-05
4.363373591331765056e-05
2.679086901480332017e-05
8.096581586869433522e-05
1.866122147475834936e-05
7.541477680206298828e-05
1.452280139346839860e-05
3.489142109174281359e-04
6.294250488281250000e-05
1.424343790858983994e-04
2.212325853179208934e-05
8.229362720157951117e-05
1.655891537666320801e-05
3.001093864440917969e-05
1.705844333628192544e-04
9.297697397414594889e-05
7.999192166607826948e-05
4.980281664757058024e-05
2.648085319378878921e-05
2.552621590439230204e-04
3.855295071844011545e-04
2.678010787349194288e-04
4.025399903184734285e-05
2.934430667664855719e-04
2.676958138181362301e-05
1.086052579921670258e-04
4.001316483481787145e-05
9.021908044815063477e-05
2.943334220617543906e-05
2.941489219665527344e-05
2.324737943126820028e-05
3.746449874597601593e-05
2.683699131011962891e-05
1.566306491440627724e-05
2.272781966894399375e-05
2.547941767261363566e-05
2.201944698754232377e-05
1.181402985821478069e-04
3.496625140542164445e-05
2.934476833615917712e-05
1.235306262969970703e-05
5.626835263683460653e-05
3.771781848627142608e-05
1.813359558582305908e-04
2.016574217122979462e-05
2.582967317721340805e-05
7.360428571701049805e-05
3.849963468383066356e-05
1.945685289683751762e-05
2.023726665356662124e-05
1.740455627441406250e-05
2.329286871827207506e-05
8.542504656361415982e-05
1.153278935817070305e-04
4.356205681688152254e-05
6.643408414674922824e-05
3.261425808886997402e-05
4.004687070846557617e-05
5.223779589869081974e-05
1.603051168785896152e-05
2.785381911962758750e-05
2.413136644463520497e-05
5.594837057287804782e-05
2.953596413135528564e-05
3.438246858422644436e-05
4.591860852087847888e-05
4.280909342924132943e-05
2.835612576745916158e-05
3.650784492492675781e-05
3.746449874597601593e-05
2.176382440666202456e-05
1.418292504240525886e-05
2.426391583867371082e-04
8.033151243580505252e-05
2.525825220800470561e-05
3.337292582727968693e-05
8.612871170043945312e-06
1.562860961712431163e-05
1.615732981008477509e-05
6.435238901758566499e-05
4.363578409538604319e-05
3.046128585992846638e-05
5.913299173698760569e-05
2.493150532245635986e-05
9.717831562738865614e-05
8.450946188531816006e-05
2.148605562979355454e-05
2.414286245766561478e-05
1.449269439035560936e-05
1.080145957530476153e-04
1.158203449449501932e-04
1.815126961446367204e-05
2.627074718475341797e-05
1.524984872958157212e-05
8.856256499711889774e-06
1.747831702232360840e-04
1.787311521184165031e-05
4.226440069032832980e-05
3.132933852612040937e-05
3.209993883501738310e-05
6.263579416554421186e-05
6.066097193979658186e-05
4.762113094329833984e-04
2.020380779867991805e-04
1.215398297063075006e-04
1.904037344502285123e-05
3.309548264951445162e-05
1.961640737135894597e-05
2.084486186504364014e-05
2.967527143482584506e-05
2.604315232019871473e-04
4.347346111899241805e-05
1.195885943161556497e-05
1.859037547546904534e-05
1.363650608254829422e-05
6.077219586586579680e-05
3.103812559857033193e-05
1.708892523311078548e-05
1.939453977684024721e-05
1.872762368293479085e-04
4.105121115571819246e-05
1.018267648760229349e-04
4.481568248593248427e-05
2.756455796770751476e-05
1.013712462736293674e-04
1.728683673718478531e-05
1.671835780143737793e-03
1.543760299682617188e-05
1.364052332064602524e-05
3.436726183281280100e-05
3.228336572647094727e-05
2.633877556945662946e-05
3.657407432910986245e-05
2.973973823827691376e-05
2.087664761347696185e-04
1.237931701325578615e-05
1.468970731366425753e-05
9.226799738826230168e-05
4.605452340911142528e-05
6.606181614188244566e-06
6.206688703969120979e-05
5.114930172567255795e-05
1.221398542838869616e-05
5.433740807347930968e-05
1.291245280299335718e-04
2.192031752201728523e-05
2.614338300190865993e-04
1.004882506094872952e-04
1.490273007220821455e-05
2.383401624683756381e-05
8.798780982033349574e-06
1.887008547782897949e-04
2.015204700001049787e-05
4.693865776062011719e-05
3.119989560218527913e-05
7.247384019137825817e-06
3.716349601745605469e-05
6.976227268751244992e-06
1.296078902669250965e-03
6.354021024890244007e-05
3.316528091090731323e-05
1.117979263653978705e-04
1.766807145031634718e-05
3.953774921683361754e-06
1.443117944290861487e-04
4.288424679543823004e-05
3.016591072082519531e-04
3.509765519993379712e-05
8.423626422882080078e-05
1.229615445481613278e-04
1.959800829354207963e-05
4.185657962807454169e-05
1.585522404639050364e-04
2.199725167884025723e-05
1.149234321928815916e-05
1.008730905596166849e-04
6.052203752915374935e-05
4.932994215778307989e-06
2.801888877002056688e-05
1.670150522841140628e-04
1.457386097172275186e-04
9.600817975297104567e-06
7.717609696555882692e-05
2.453178240102715790e-05
1.810863614082336426e-04
3.632269799709320068e-04
3.362553616170771420e-05
2.274745020258706063e-05
4.660934428102336824e-05
1.045245226123370230e-04
2.746432983258273453e-05
4.228479156154207885e-05
1.327080826740711927e-04
3.024066609214060009e-05
2.167413185816258192e-05
2.922906969615723938e-05
2.873320481739938259e-04
7.167354924604296684e-04
1.693599733698647469e-05
5.279716788209043443e-06
9.346479055238887668e-05
2.208203077316284180e-04
2.002143082791008055e-05
3.555655348463915288e-05
9.101298019231762737e-06
4.609948518918827176e-06
2.263878559460863471e-05
1.131825956690590829e-05
7.947286576381884515e-06
4.096826160093769431e-05
1.834929025790188462e-05
1.392478225170634687e-05
2.528354525566101074e-05
1.883642471511848271e-05
1.649856567382812500e-04
3.128702155663631856e-05
3.274679329479113221e-05
1.633734973438549787e-05
3.096076543442904949e-04
3.351376217324286699e-04
2.260655128338839859e-05
1.335889101028442383e-05
1.422041350451763719e-05
5.505166336661204696e-05
1.561171120556537062e-05
1.458492533856770024e-05
5.937758032814599574e-05
4.946081844536820427e-06
9.049069376487750560e-06
4.539023393590468913e-06
1.328535745415138081e-05
8.489404535794164985e-06
5.346693433239124715e-05
1.003931993182050064e-05
4.164377969573251903e-05
3.580137272365391254e-04
8.197294846468139440e-06
9.763500202097930014e-06
1.453691038477700204e-05
2.646730172273237258e-05
3.109375711574102752e-06
2.530743040551897138e-05
1.888332008093129843e-05
1.027016405714675784e-04
8.224022167269140482e-06
3.266825515311211348e-04
2.447029874019790441e-05
2.963989936688449234e-05
1.507370143372099847e-05
2.561772635090164840e-05
7.754564649076201022e-06
7.162326073739677668e-05
6.122248305473476648e-05
3.400594141567125916e-05
5.693899311154382303e-06
4.184246063232421875e-05
2.307125578226987273e-05
6.822700379416346550e-05
2.987761217809747905e-05
3.075897620874457061e-05
9.942681936081498861e-05
5.238730227574706078e-05
2.669862442417070270e-05
1.567445360706187785e-05
9.428513294551521540e-06
5.345532554201781750e-04
2.514653715479653329e-05
1.074870397133054212e-05
1.443922519683837891e-05
4.050813004141673446e-05
1.198798418045043945e-05
2.700959703361149877e-05
1.682553920545615256e-05
3.949121310142800212e-05
1.721355147310532629e-05
4.220576556690502912e-06
1.718892781354952604e-05
1.360263195238076150e-05
2.461671829223632812e-05
1.286676069867098704e-05
1.450496529287192971e-05
9.290377784054726362e-05
2.713146750465966761e-05
1.265845785383135080e-04
1.292096294491784647e-05
1.008370327326701954e-05
1.017166232486488298e-05
9.838172263698652387e-05
6.639009370701387525e-05
1.037403199006803334e-04
1.556889037601649761e-04
1.484042149968445301e-04
3.626346733653917909e-05
1.138663938036188483e-04
6.864468105050036684e-06
3.644824028015136719e-05
1.629927828616928309e-05
5.092539868201129138e-05
6.720423698425292969e-06
2.825969750119838864e-05
2.004135239985771477e-05
2.116263021889608353e-05
5.478368166222935542e-06
2.981269062729552388e-05
1.140435597335454077e-05
1.669071934884414077e-05
3.022862620127853006e-05
2.972985676024109125e-04
2.378243952989578247e-04
3.402763104531913996e-05
5.212426185607910156e-05
1.787982546375133097e-05
6.382402716553770006e-06
1.359161251457408071e-05
2.136826515197753906e-05
2.593423050711862743e-05
2.060830593109130859e-05
2.674997085705399513e-03
1.874409281299449503e-05
2.169907202187459916e-05
6.484634923253906891e-06
1.282284119952237234e-05
8.581445435993373394e-04
1.246835108759114519e-05
1.998692823690362275e-05
1.067536722985096276e-04
6.231996849237475544e-06
3.437156192376278341e-05
9.042521924129687250e-06
1.465422792534809560e-05
3.398507760721258819e-05
2.322263208043295890e-05
1.947913006006274372e-05
6.673236930510029197e-05
3.370516933500766754e-03
2.832272548403125256e-05
2.120062890753615648e-05
5.902350039832526818e-06
3.285570710431784391e-05
2.307783506694249809e-05
1.323719789070310071e-05
2.010539174079895020e-05
2.877910992538090795e-05
3.401562571525573730e-05
6.306739123829174787e-06
4.717978663393296301e-05
4.900748026557266712e-04
2.370774745941162109e-05
3.327978265588171780e-05
1.925877950270660222e-05
5.537012475542724133e-05
4.116045893169939518e-04
3.346801167936064303e-05
2.262989801238290966e-05
1.615285873413085938e-04
1.046061515808105469e-04
1.587515580467879772e-04
1.955189145519398153e-05
3.353878855705261230e-05
6.314516213024035096e-05
3.929165541194379330e-05
2.289386065967846662e-05
7.746451592538505793e-05
2.040134495473466814e-05
7.790327072143554688e-05
5.156899715075269341e-05
3.078579902648925781e-05
1.174211593024665490e-05
4.429852197063155472e-05
1.356424763798713684e-02
4.310012081987224519e-05
3.140983637422323227e-03
1.024509765557013452e-04
2.784388470900012180e-06
2.644211053848266602e-05
8.126099601213354617e-06
7.518463917222106829e-06
4.841221652895910665e-06
1.734081306494772434e-04
1.422668810846516863e-05
4.629926479537971318e-05
5.026161943533224985e-06
8.855896157911047339e-05
1.879036426544189453e-05
1.320757728535681963e-04
5.158625208423472941e-05
1.016416081256465986e-05
1.321651041507720947e-03
1.394252012687502429e-05
3.648739075288176537e-04
1.115202940127346665e-05
1.335702836513519287e-05
1.392294416291406378e-05
4.012584686279296875e-04
2.977393933178973384e-06
9.897209565679077059e-06
9.179115295410156250e-06
1.089150737243471667e-05
4.426429313753033057e-06
1.708623894955962896e-04
8.119004633044824004e-06
2.507368662918452173e-05
9.038381904247216880e-06
3.506792199914343655e-05
2.486790981492958963e-05
2.881139516830444336e-05
5.280971527099609375e-05
2.077594399452209473e-05
6.395578566298354417e-06
3.418326514292857610e-06
9.689033322501927614e-05
2.762157819233834743e-04
3.420254870434291661e-05
3.540245234034955502e-05
6.809830665588378906e-06
5.157362829777412117e-05
5.539920493902172893e-06
3.361985818628454581e-06
1.884726043499540538e-05
1.732040800561662763e-05
1.959378641913644969e-05
1.337130925094243139e-05
3.450177609920501709e-05
1.852959394454956055e-05
1.118296677304897457e-05
2.357634730287827551e-05
2.552270962041802704e-05
3.363455107319168746e-05
1.181496554636396468e-05
1.276057882932946086e-04
1.035134027915773913e-05
1.123237161664292216e-04
2.013341327256057411e-05
8.046627044677734375e-06
1.409933702234411612e-05
1.327622521785087883e-05
9.102954209083691239e-06
6.590038537979125977e-06
2.706180566747207195e-05
4.267692565917968750e-05
7.226278739835834131e-06
1.050035189109621570e-05
4.523330517258727923e-06
7.793307304382324219e-06
9.702808165457099676e-05
2.694981503736926243e-06
5.407177923189010471e-06
3.940529495594091713e-06
1.294198227697052062e-05
8.079949184320867062e-04
3.273636320955120027e-05
1.116638850362505764e-05
5.703694114345125854e-05
3.328919547129771672e-06
2.107733780576381832e-05
1.642419665586203337e-04
1.446547958039445803e-05
2.855658567568752915e-05
1.792758666852023453e-05
8.287884156743530184e-06
1.988973963307216763e-05
9.091269748751074076e-05
5.696802327292971313e-05
3.206028850399889052e-05
3.105715677520493045e-06
8.618831998319365084e-06
2.404872066108509898e-05
2.122256591974291950e-05
1.855045593401882797e-05
1.857181450759526342e-05
6.584326183656230569e-05
4.395316645968705416e-04
2.328887640032917261e-04
4.450584674486890435e-05
1.521002195659093559e-05
1.310855168412672356e-05
1.549348235130310059e-05
8.291524864034727216e-06
