1.482953906059265137e+00
1.456281423568725586e+00
1.430033087730407715e+00
1.515095829963684082e+00
1.514050245285034180e+00
1.446280121803283691e+00
1.499280571937561035e+00
1.437419891357421875e+00
1.434388279914855957e+00
1.406333565711975098e+00
1.418776631355285645e+00
1.436306357383728027e+00
1.432428002357482910e+00
1.421237945556640625e+00
1.397774219512939453e+00
1.363420009613037109e+00
1.408042788505554199e+00
1.406129002571105957e+00
1.345103979110717773e+00
1.374432325363159180e+00
1.326789855957031250e+00
1.367636561393737793e+00
1.301766395568847656e+00
1.321022033691406250e+00
1.380790710449218750e+00
1.342361330986022949e+00
1.307021975517272949e+00
1.352351427078247070e+00
1.405011534690856934e+00
1.325551271438598633e+00
1.275205016136169434e+00
1.281357407569885254e+00
1.305857181549072266e+00
1.293684124946594238e+00
1.280639529228210449e+00
1.237474441528320312e+00
1.218295812606811523e+00
1.287241935729980469e+00
1.198683500289916992e+00
1.203015089035034180e+00
1.251366257667541504e+00
1.213716149330139160e+00
1.269045472145080566e+00
1.217669129371643066e+00
1.233268499374389648e+00
1.201699376106262207e+00
1.214358448982238770e+00
1.141920685768127441e+00
1.228797435760498047e+00
1.187902688980102539e+00
1.126480698585510254e+00
1.224901437759399414e+00
1.184515595436096191e+00
1.166974067687988281e+00
1.094151258468627930e+00
1.098903059959411621e+00
1.045875787734985352e+00
1.134726405143737793e+00
1.003690004348754883e+00
1.194729566574096680e+00
1.092402458190917969e+00
9.792669415473937988e-01
1.098873138427734375e+00
1.077731490135192871e+00
1.011026263236999512e+00
1.019758820533752441e+00
9.505640268325805664e-01
1.011672258377075195e+00
9.660122990608215332e-01
9.652475714683532715e-01
8.553834557533264160e-01
9.428369402885437012e-01
1.009276628494262695e+00
1.006390333175659180e+00
9.732196927070617676e-01
8.812770843505859375e-01
8.941578865051269531e-01
8.635749816894531250e-01
9.377524852752685547e-01
7.468047738075256348e-01
8.839102983474731445e-01
9.178144931793212891e-01
8.385559320449829102e-01
9.173609018325805664e-01
8.281382322311401367e-01
7.743359804153442383e-01
8.069226741790771484e-01
7.796911597251892090e-01
7.316852211952209473e-01
8.507276773452758789e-01
7.333056926727294922e-01
8.813554644584655762e-01
7.879597544670104980e-01
7.520404458045959473e-01
6.585553288459777832e-01
7.984421849250793457e-01
7.102067470550537109e-01
8.186863064765930176e-01
6.605902910232543945e-01
7.462816834449768066e-01
7.605805993080139160e-01
5.638186931610107422e-01
7.796211838722229004e-01
5.410000085830688477e-01
6.134113073348999023e-01
6.227431893348693848e-01
6.766688823699951172e-01
6.687900424003601074e-01
6.382749676704406738e-01
6.998453736305236816e-01
5.758766531944274902e-01
5.555459260940551758e-01
6.032451391220092773e-01
5.525786280632019043e-01
5.627052187919616699e-01
5.634901523590087891e-01
6.468095183372497559e-01
5.461612939834594727e-01
4.783709347248077393e-01
4.507178962230682373e-01
5.940155982971191406e-01
4.509567618370056152e-01
5.659964084625244141e-01
5.172877907752990723e-01
5.944717526435852051e-01
4.495053887367248535e-01
5.338464379310607910e-01
4.836201667785644531e-01
5.121487379074096680e-01
5.024184584617614746e-01
5.222617983818054199e-01
4.854559898376464844e-01
5.284157991409301758e-01
4.454043209552764893e-01
4.653159677982330322e-01
4.372957348823547363e-01
3.812741339206695557e-01
4.636127650737762451e-01
4.149943292140960693e-01
3.834358155727386475e-01
3.298954367637634277e-01
3.735471665859222412e-01
3.898986279964447021e-01
3.248029649257659912e-01
3.561837375164031982e-01
3.915164172649383545e-01
4.193115234375000000e-01
3.809336125850677490e-01
4.171062409877777100e-01
4.246252477169036865e-01
3.508166372776031494e-01
3.902477622032165527e-01
3.173233866691589355e-01
3.639412820339202881e-01
2.836780846118927002e-01
2.946929633617401123e-01
2.522399723529815674e-01
3.129018545150756836e-01
3.433164358139038086e-01
2.628522515296936035e-01
3.193110227584838867e-01
3.615118563175201416e-01
2.309830337762832642e-01
2.949296832084655762e-01
2.400386333465576172e-01
3.592911362648010254e-01
2.881402075290679932e-01
2.974328100681304932e-01
2.831177413463592529e-01
2.718456089496612549e-01
1.664803028106689453e-01
2.374011129140853882e-01
2.216928899288177490e-01
2.792224586009979248e-01
2.096741497516632080e-01
1.844482719898223877e-01
2.384759038686752319e-01
2.215131372213363647e-01
2.046240121126174927e-01
1.807948201894760132e-01
2.309870719909667969e-01
1.978865116834640503e-01
1.922224760055541992e-01
1.787949502468109131e-01
2.477435320615768433e-01
1.474783718585968018e-01
1.648396402597427368e-01
2.151556462049484253e-01
1.939899474382400513e-01
1.643286645412445068e-01
2.060405910015106201e-01
1.755430996417999268e-01
1.521274149417877197e-01
1.629100441932678223e-01
1.646974384784698486e-01
1.672898381948471069e-01
1.539083272218704224e-01
1.677522659301757812e-01
1.232914552092552185e-01
1.271425187587738037e-01
1.573217213153839111e-01
2.456064969301223755e-01
1.810837686061859131e-01
1.655365377664566040e-01
1.513353735208511353e-01
1.597540825605392456e-01
1.320770531892776489e-01
1.229759231209754944e-01
1.395417153835296631e-01
1.376788020133972168e-01
1.380488872528076172e-01
1.278769224882125854e-01
1.540004163980484009e-01
1.189631596207618713e-01
1.379220783710479736e-01
1.113373711705207825e-01
9.408397227525711060e-02
1.433045864105224609e-01
8.628688752651214600e-02
1.401877701282501221e-01
1.001785695552825928e-01
1.084033027291297913e-01
1.175126582384109497e-01
1.002913191914558411e-01
1.145692020654678345e-01
1.127640679478645325e-01
1.221089586615562439e-01
9.294494241476058960e-02
8.110779523849487305e-02
9.141882508993148804e-02
1.130800396203994751e-01
9.595160186290740967e-02
6.676167994737625122e-02
1.014299243688583374e-01
1.749964952468872070e-01
1.028353795409202576e-01
8.304386585950851440e-02
8.366684615612030029e-02
1.048919185996055603e-01
8.019156754016876221e-02
7.823656499385833740e-02
8.220276981592178345e-02
5.936171486973762512e-02
8.790709823369979858e-02
9.166999906301498413e-02
7.669057697057723999e-02
6.005183234810829163e-02
8.859507739543914795e-02
5.249722301959991455e-02
8.026219904422760010e-02
7.148330658674240112e-02
1.079210415482521057e-01
1.066553741693496704e-01
9.056108444929122925e-02
6.537255644798278809e-02
5.811457708477973938e-02
6.589671969413757324e-02
5.693030357360839844e-02
5.783705040812492371e-02
4.877450317144393921e-02
8.506833016872406006e-02
6.482230871915817261e-02
4.293429106473922729e-02
4.839935153722763062e-02
5.734752863645553589e-02
7.541786879301071167e-02
7.023821026086807251e-02
6.331355869770050049e-02
6.573421508073806763e-02
4.769655689597129822e-02
4.643056541681289673e-02
3.689056634902954102e-02
4.636457189917564392e-02
5.267752334475517273e-02
4.388135299086570740e-02
4.762247204780578613e-02
5.615845695137977600e-02
5.576266348361968994e-02
5.849890410900115967e-02
5.049155652523040771e-02
5.765461921691894531e-02
4.771543666720390320e-02
3.274520114064216614e-02
3.631366416811943054e-02
5.735932290554046631e-02
5.997910350561141968e-02
4.811061173677444458e-02
3.752224892377853394e-02
2.986595593392848969e-02
3.520714119076728821e-02
3.456783294677734375e-02
5.554308369755744934e-02
4.681310057640075684e-02
3.073455393314361572e-02
3.434254974126815796e-02
2.401199936866760254e-02
4.039759933948516846e-02
3.667718172073364258e-02
3.501659259200096130e-02
3.531548008322715759e-02
2.928320877254009247e-02
4.987605288624763489e-02
3.023964539170265198e-02
3.582393378019332886e-02
2.612081356346607208e-02
2.552532963454723358e-02
3.288146480917930603e-02
2.307631634175777435e-02
2.996680699288845062e-02
3.160941600799560547e-02
4.424448683857917786e-02
2.519835531711578369e-02
2.230706997215747833e-02
4.448666423559188843e-02
2.841564454138278961e-02
2.281534671783447266e-02
2.163174748420715332e-02
2.944742701947689056e-02
2.178490906953811646e-02
1.389935147017240524e-02
1.379759609699249268e-02
2.217528410255908966e-02
2.354028262197971344e-02
2.586803399026393890e-02
6.395759433507919312e-02
2.771735191345214844e-02
1.965827122330665588e-02
2.930531650781631470e-02
1.907545886933803558e-02
1.841056346893310547e-02
3.104162216186523438e-02
2.453075908124446869e-02
2.699227444827556610e-02
2.012411691248416901e-02
1.176021527498960495e-02
1.938389614224433899e-02
1.760036498308181763e-02
2.313752844929695129e-02
1.192382443696260452e-02
1.257924083620309830e-02
2.133572474122047424e-02
1.769458130002021790e-02
1.577776111662387848e-02
1.477215904742479324e-02
1.583377644419670105e-02
2.796141617000102997e-02
4.731845483183860779e-02
1.617471501231193542e-02
1.716398261487483978e-02
2.033051662147045135e-02
2.215757407248020172e-02
1.031381357461214066e-02
1.333981193602085114e-02
1.606225594878196716e-02
8.242833428084850311e-03
1.171265915036201477e-02
2.030033431947231293e-02
1.681604795157909393e-02
1.469690725207328796e-02
1.157010160386562347e-02
1.699564978480339050e-02
1.159699447453022003e-02
1.972046867012977600e-02
1.266947388648986816e-02
1.058666408061981201e-02
1.244055200368165970e-02
1.531883608549833298e-02
2.810304425656795502e-02
1.369224302470684052e-02
1.030701305717229843e-02
8.565290831029415131e-03
1.660848967730998993e-02
7.316619157791137695e-03
1.335968356579542160e-02
1.705979742109775543e-02
2.500426210463047028e-02
1.131571363657712936e-02
1.681511662900447845e-02
8.614199236035346985e-03
8.738870732486248016e-03
7.307455874979496002e-03
1.202007103711366653e-02
1.180290523916482925e-02
9.112812578678131104e-03
7.644271943718194962e-03
9.743290022015571594e-03
7.245211862027645111e-03
1.050597429275512695e-02
8.638570085167884827e-03
1.211527548730373383e-02
1.531976461410522461e-02
1.127844955772161484e-02
6.627160124480724335e-03
6.192042492330074310e-03
8.071355521678924561e-03
8.133906871080398560e-03
9.154310449957847595e-03
7.633546367287635803e-03
9.690823964774608612e-03
4.340933170169591904e-03
5.876257549971342087e-03
1.063596643507480621e-02
1.150275021791458130e-02
5.285669583827257156e-03
7.918432354927062988e-03
6.628001108765602112e-03
9.597008116543292999e-03
5.925195757299661636e-03
7.055143825709819794e-03
1.148284319788217545e-02
6.449371576309204102e-03
4.203029908239841461e-03
1.243569701910018921e-02
4.730908665806055069e-03
7.536614779382944107e-03
1.139475218951702118e-02
5.732235033065080643e-03
3.900088137015700340e-03
4.591342527419328690e-03
2.156810602173209190e-03
1.166683062911033630e-02
1.064028870314359665e-02
4.554941318929195404e-03
3.878186922520399094e-03
4.954351577907800674e-03
5.214059259742498398e-03
5.644604563713073730e-03
3.250143490731716156e-03
6.762795615941286087e-03
3.791917813941836357e-03
4.269715864211320877e-03
3.585655707865953445e-03
8.663448505103588104e-03
7.724821567535400391e-03
7.162394933402538300e-03
4.123856313526630402e-03
5.164518486708402634e-03
5.786414258182048798e-03
2.618075581267476082e-03
3.719266969710588455e-03
9.267914108932018280e-03
2.707940759137272835e-03
4.615996964275836945e-03
6.972625851631164551e-03
5.420156754553318024e-03
4.894379060715436935e-03
4.143403843045234680e-03
5.879203788936138153e-03
3.964981995522975922e-03
2.556817373260855675e-03
2.913645235821604729e-03
2.761388197541236877e-03
8.066001348197460175e-03
9.889664128422737122e-03
2.685681683942675591e-03
4.452134016901254654e-03
2.805709838867187500e-03
3.641964402049779892e-03
3.294964553788304329e-03
3.132222918793559074e-03
8.620492182672023773e-03
3.079821588471531868e-03
3.903815755620598793e-03
6.268050987273454666e-03
1.768014277331531048e-03
3.138285130262374878e-03
6.345322821289300919e-03
4.870980978012084961e-03
1.712375436909496784e-03
5.445416085422039032e-03
6.126557942479848862e-03
5.146970506757497787e-03
1.376807689666748047e-03
8.217371068894863129e-03
1.435524900443851948e-03
3.549289191141724586e-03
5.785615649074316025e-03
6.888910196721553802e-03
3.131508827209472656e-03
4.754104185849428177e-03
1.517871976830065250e-03
4.389327019453048706e-03
2.963349223136901855e-03
2.768298611044883728e-03
4.154409281909465790e-03
7.179730571806430817e-03
3.078626003116369247e-03
4.220782313495874405e-03
3.512072842568159103e-03
9.509267285466194153e-03
2.754301065579056740e-03
1.103815273381769657e-03
1.664644805714488029e-03
1.638364861719310284e-03
2.278527710586786270e-03
3.554113209247589111e-03
2.689704997465014458e-03
2.580987988039851189e-03
1.045810175128281116e-03
2.104282379150390625e-03
2.589901443570852280e-03
9.833526797592639923e-03
1.580871292389929295e-03
2.306790789589285851e-03
5.122100468724966049e-03
2.297666156664490700e-03
1.791966031305491924e-03
1.726184622384607792e-03
1.678747474215924740e-03
1.151582109741866589e-03
2.356647048145532608e-03
2.160570584237575531e-03
3.493912285193800926e-03
2.504104049876332283e-03
2.520286710932850838e-03
1.783239422366023064e-03
1.447206246666610241e-03
1.486958586610853672e-03
2.454727888107299805e-03
1.899568596854805946e-03
1.363605260848999023e-03
2.413183450698852539e-03
1.118724816478788853e-03
1.270086970180273056e-03
1.176785910502076149e-03
1.001292467117309570e-02
1.538436743430793285e-03
1.566398190334439278e-03
2.464937279000878334e-03
1.887514372356235981e-03
2.815131796523928642e-03
9.651035070419311523e-04
1.228204346261918545e-03
1.050253282301127911e-03
1.372370519675314426e-03
2.334544202312827110e-03
1.326114055700600147e-03
1.049866783432662487e-03
1.053587417118251324e-03
1.351541024632751942e-03
2.038166625425219536e-03
1.594008645042777061e-03
2.907230751588940620e-03
1.828771550208330154e-03
2.629670314490795135e-03
2.128562889993190765e-03
8.971508592367172241e-03
1.380349742248654366e-03
1.256818533875048161e-03
3.555021714419126511e-03
1.666575670242309570e-03
1.951339771039783955e-03
2.780095441266894341e-03
1.938033499754965305e-03
5.903101991862058640e-04
7.540931692346930504e-04
1.380219240672886372e-03
1.141525572165846825e-03
7.480884669348597527e-04
1.212453935295343399e-03
1.400482724420726299e-03
1.099146553315222263e-03
7.503503584302961826e-04
8.934641955420374870e-04
9.111672989092767239e-04
3.268341301009058952e-03
9.649736457504332066e-04
1.178255188278853893e-03
9.422477451153099537e-04
1.095765852369368076e-03
5.839020013809204102e-04
1.421876600943505764e-03
1.492121838964521885e-03
6.523198680952191353e-04
1.051905448548495770e-03
7.541155209764838219e-04
8.212561369873583317e-04
2.677141223102807999e-03
2.702064812183380127e-04
1.058601192198693752e-03
2.833188977092504501e-03
6.507337093353271484e-04
8.405762491747736931e-04
5.580902099609375000e-03
2.931961556896567345e-03
1.045221812091767788e-03
5.677857552655041218e-04
7.983286050148308277e-04
7.300337310880422592e-04
1.037519890815019608e-03
1.715044141747057438e-03
5.962044233456254005e-04
5.509406328201293945e-04
2.080931793898344040e-03
2.441605553030967712e-03
4.380596219561994076e-04
2.114078029990196228e-03
8.087224559858441353e-04
3.947992227040231228e-04
6.300393142737448215e-04
9.430714999325573444e-04
1.289599109441041946e-03
8.902724948711693287e-04
9.840073762461543083e-04
6.191167631186544895e-04
9.646997204981744289e-04
1.421555178239941597e-03
2.729483414441347122e-03
8.027623989619314671e-04
1.377740991301834583e-03
5.499214166775345802e-04
6.556240259669721127e-04
1.509347930550575256e-03
7.049360428936779499e-04
1.547113875858485699e-03
7.493132143281400204e-04
6.484240293502807617e-03
1.222509308718144894e-03
8.826157427392899990e-04
7.086197729222476482e-04
2.018854022026062012e-03
3.110602730885148048e-03
9.637514012865722179e-04
1.065896707586944103e-03
9.465468465350568295e-04
1.024164259433746338e-03
5.007386207580566406e-04
3.154724836349487305e-04
2.991699147969484329e-04
3.960195463150739670e-04
3.923356707673519850e-04
2.633144613355398178e-03
1.423377194441854954e-03
3.783884749282151461e-04
5.747051909565925598e-04
6.572550628334283829e-04
3.902153694070875645e-04
5.832791212014853954e-04
4.315541882533580065e-04
7.716757827438414097e-04
1.880923955468460917e-04
1.424062298610806465e-03
3.460112493485212326e-04
4.092565272003412247e-03
7.573897601105272770e-04
3.880737582221627235e-03
1.832402893342077732e-03
7.884383085183799267e-04
6.303366390056908131e-04
5.074776709079742432e-04
6.973095587454736233e-04
3.416726540308445692e-04
1.788009773008525372e-03
2.933045616373419762e-04
3.258168871980160475e-04
3.115628787782043219e-04
3.738273808266967535e-04
6.504512857645750046e-04
6.380300619639456272e-04
4.539982182905077934e-04
2.744171943049877882e-04
2.704760525375604630e-03
4.937438643537461758e-04
2.759723574854433537e-04
7.748376810923218727e-04
1.181225990876555443e-03
9.902036981657147408e-04
3.178417973686009645e-04
9.713640320114791393e-04
2.681329206097871065e-04
6.925747729837894440e-04
9.674668544903397560e-04
8.690116228535771370e-04
5.126880714669823647e-04
7.132440805435180664e-04
1.070183468982577324e-03
8.905438589863479137e-04
4.500202485360205173e-04
6.058286526240408421e-04
9.420231799595057964e-04
2.060496946796774864e-03
4.074005119036883116e-04
1.957040076376870275e-04
8.072867058217525482e-04
6.750822067260742188e-04
8.720378973521292210e-04
3.837555996142327785e-04
7.430004188790917397e-04
4.773475229740142822e-04
3.175735473632812500e-04
1.420406973920762539e-03
4.106052219867706299e-04
2.115450188284739852e-04
6.943411426618695259e-04
4.711508809123188257e-04
6.788372993469238281e-04
9.634054149501025677e-04
2.738237380981445312e-04
9.448151686228811741e-04
6.289755692705512047e-04
1.454595127142965794e-03
1.689352502580732107e-04
9.266453562304377556e-04
1.391855068504810333e-03
9.687955607660114765e-04
6.361868581734597683e-04
1.217041717609390616e-04
1.111216843128204346e-04
6.297684740275144577e-04
6.517589208669960499e-04
2.614259719848632812e-04
6.618471234105527401e-04
1.397859537973999977e-03
2.484832657501101494e-04
3.867064369842410088e-04
2.869160380214452744e-04
2.493168285582214594e-04
3.775244695134460926e-04
3.868440689984709024e-04
2.841386594809591770e-04
3.270715533290058374e-04
2.728230028878897429e-04
2.511551429051905870e-04
3.008072962984442711e-04
4.051170835737138987e-04
4.965906846337020397e-04
1.951431331690400839e-04
1.105477931560017169e-04
2.117786207236349583e-04
1.360242837108671665e-03
8.012577891349792480e-04
8.502665441483259201e-04
6.191361462697386742e-04
9.237408521585166454e-04
2.675401628948748112e-04
3.635230532381683588e-04
2.943291619885712862e-04
1.120837056078016758e-03
3.953675623051822186e-04
2.290010452270507812e-04
3.634452878031879663e-04
1.754927565343677998e-03
1.502773375250399113e-04
3.026516642421483994e-04
4.123543330933898687e-04
2.078555990010499954e-04
4.155635833740234375e-04
2.715975278988480568e-04
3.066539939027279615e-04
1.791307877283543348e-04
2.189907827414572239e-04
1.717711711535230279e-04
1.115173217840492725e-04
2.173251559725031257e-04
4.791931132785975933e-04
3.162145731039345264e-04
1.663132134126499295e-04
1.063108444213867188e-03
5.197904538363218307e-04
2.222164912382140756e-04
2.772201783955097198e-03
3.405250899959355593e-04
2.721548080444335938e-04
4.130586166866123676e-04
1.570118765812367201e-04
1.933857129188254476e-04
3.115960571449249983e-04
2.396106719970703125e-04
5.271771806292235851e-04
2.714622532948851585e-04
2.126160397892817855e-04
2.400631346972659230e-04
1.246229512616991997e-04
2.893711498472839594e-04
1.696399995125830173e-04
2.831518650054931641e-04
1.853704452514648438e-04
9.575643343850970268e-05
1.297091221204027534e-04
4.575550556182861328e-04
9.974680870072916150e-05
5.728331743739545345e-04
2.309620467713102698e-04
1.666704309172928333e-03
3.328050370328128338e-04
1.737152924761176109e-03
9.132127161137759686e-04
1.752883254084736109e-04
9.761358523974195123e-05
1.280255964957177639e-04
9.854002564679831266e-05
1.326540223089978099e-04
2.579376741778105497e-04
2.082115679513663054e-04
3.203467640560120344e-04
3.312013577669858932e-04
1.199489342980086803e-04
4.057146434206515551e-04
8.118465193547308445e-04
2.436757058603689075e-04
2.479164686519652605e-04
1.239038683706894517e-04
1.484399545006453991e-04
1.278990239370614290e-04
1.261234283447265625e-04
4.902184009552001953e-04
1.907191763166338205e-04
2.431652828818187118e-04
1.134241319959983230e-04
3.085136413574218750e-04
2.024739951593801379e-04
1.793530973372980952e-04
5.573630551225505769e-05
1.482932129874825478e-04
4.073691379744559526e-04
5.427300930023193359e-04
3.013879177160561085e-04
4.898495972156524658e-04
4.246270109433680773e-04
3.655403852462768555e-04
2.525329764466732740e-04
1.492437586421146989e-04
1.487810048274695873e-03
2.710971748456358910e-03
7.634460926055908203e-04
2.728193940129131079e-04
1.775953569449484348e-04
2.688750624656677246e-03
9.769542375579476357e-04
5.813591415062546730e-04
4.887477261945605278e-04
8.682609040988609195e-05
4.469513951335102320e-04
3.874584217555820942e-04
6.241897935979068279e-04
3.094325365964323282e-04
7.462217763531953096e-05
2.599860599730163813e-04
3.410437493585050106e-04
9.165270021185278893e-04
6.949050293769687414e-05
1.161528998636640608e-04
2.731007116381078959e-04
9.481346205575391650e-05
2.210422535426914692e-04
3.299315867479890585e-04
1.890328276203945279e-04
7.316083065234124660e-04
2.583809546194970608e-04
1.735687255859375000e-04
3.872315282933413982e-04
2.472400665283203125e-04
8.690707909408956766e-05
9.431176586076617241e-04
2.969294728245586157e-04
1.607443118700757623e-04
4.646453089662827551e-05
3.614932356867939234e-04
1.781463652150705457e-04
1.040108036249876022e-03
1.194196593132801354e-04
1.516784657724201679e-03
4.938642377965152264e-04
7.130454469006508589e-05
1.853735884651541710e-04
8.413815521635115147e-04
1.050412756740115583e-04
1.776055869413539767e-04
2.038855309365317225e-04
6.477210990851745009e-05
1.241931604454293847e-04
1.570300082676112652e-04
3.086981305386871099e-04
3.767995222005993128e-04
7.846289372537285089e-05
5.927540041739121079e-05
6.527559889946132898e-05
8.377056219615042210e-04
8.553597581340000033e-05
9.897232666844502091e-05
1.708753407001495361e-04
5.416451487690210342e-03
3.132853307761251926e-04
4.789362719748169184e-05
2.950158959720283747e-04
9.616396710043773055e-05
9.398277325090020895e-05
1.470074203098192811e-04
1.223033177666366100e-04
2.893298806156963110e-04
6.978512101341038942e-05
1.603620476089417934e-04
5.678126763086766005e-05
9.420043352292850614e-05
6.102463885326869786e-05
6.431654765037819743e-05
9.060683805728331208e-05
1.640138507355004549e-04
1.259893178939819336e-04
7.145054405555129051e-04
1.977748324861750007e-04
2.494373184163123369e-04
7.550155714852735400e-05
8.503199205733835697e-04
1.147622679127380252e-04
5.021420656703412533e-05
4.401870828587561846e-04
3.128616299363784492e-05
9.584710642229765654e-05
6.897449929965659976e-05
1.328814687440171838e-04
3.395742969587445259e-04
5.137661355547606945e-05
2.439970412524417043e-04
9.806081652641296387e-05
1.729049690766260028e-04
1.208136556670069695e-03
1.139535597758367658e-04
7.796016870997846127e-04
3.058659422094933689e-05
2.086129534291103482e-04
1.189383619930595160e-04
7.156321953516453505e-05
9.055187547346577048e-05
6.985096842981874943e-05
8.478618838125839829e-05
5.789165879832580686e-05
1.031055144267156720e-04
1.051263388944789767e-04
8.288026583613827825e-05
6.755402137059718370e-05
3.847337939077988267e-05
1.368334487779065967e-04
6.399642734322696924e-05
1.367727963952347636e-04
9.487735223956406116e-05
6.214380846358835697e-04
2.690213441383093596e-04
1.246238971361890435e-04
1.080092915799468756e-04
1.139138912549242377e-04
3.487403155304491520e-04
4.758437717100605369e-05
1.448194234399124980e-04
1.083361494238488376e-04
6.712041795253753662e-04
2.895206271205097437e-04
7.909536361694335938e-05
2.540712885092943907e-04
2.353519230382516980e-04
1.114166298066265881e-04
7.046321115922182798e-05
4.376584547571837902e-04
3.594214504119008780e-04
2.410643646726384759e-04
2.544862800277769566e-04
1.887877733679488301e-04
2.694177674129605293e-04
1.024653538479469717e-04
2.475261862855404615e-04
4.265496681910008192e-05
1.810126850614324212e-04
3.467202186584472656e-04
1.732544478727504611e-04
8.473065099678933620e-04
7.808492227923125029e-05
1.128880612668581307e-04
8.294687722809612751e-04
1.696811814326792955e-04
6.152988498797640204e-05
1.806648215278983116e-04
8.981017890619114041e-05
2.357583289267495275e-04
2.611428499221801758e-04
7.125877164071425796e-05
1.495091855758801103e-04
2.704352082218974829e-04
5.767080438090488315e-05
6.831351201981306076e-04
9.538888843962922692e-05
1.532295136712491512e-04
7.816501602064818144e-05
6.904080510139465332e-05
6.573796417796984315e-05
3.612458822317421436e-04
1.187732341350056231e-04
1.056964247254654765e-04
1.075190084520727396e-04
9.090335515793412924e-05
4.930558861815370619e-05
4.247188553563319147e-05
7.683038711547851562e-05
7.034010923234745860e-05
9.307927393820136786e-05
6.825924356235191226e-05
1.665447925915941596e-04
9.347060404252260923e-05
7.978380017448216677e-05
5.685028372681699693e-05
1.422529749106615782e-04
6.265044066822156310e-05
6.534084677696228027e-04
1.655107480473816395e-04
7.508397684432566166e-04
4.036011887365020812e-05
4.147399522480554879e-05
7.815493881935253739e-05
5.963742660242132843e-05
1.574158668518066406e-04
1.702799636404961348e-04
1.353871892206370831e-03
1.210371628985740244e-04
1.792198163457214832e-04
2.049458635156042874e-05
5.975522435619495809e-05
1.254106609849259257e-04
1.349009980913251638e-04
3.778934478759765625e-05
1.109682998503558338e-04
5.040114774601534009e-05
4.940682090818881989e-03
8.426309068454429507e-05
4.604657806339673698e-05
8.137261029332876205e-04
7.121430826373398304e-05
1.100042645703069866e-04
9.606566163711249828e-05
1.873122964752838016e-04
2.766648867691401392e-05
1.838259049691259861e-04
9.648178092902526259e-05
4.179885436315089464e-04
9.436356776859611273e-06
1.521855592727661133e-04
2.240879257442429662e-04
6.930530071258544922e-05
9.125730139203369617e-05
1.061056827893480659e-04
8.026883733691647649e-05
2.250217366963624954e-04
2.803862153086811304e-04
1.063777381204999983e-04
9.259738726541399956e-05
2.670222020242363214e-04
6.555883737746626139e-05
3.920495510101318359e-05
1.742016756907105446e-04
4.491209983825683594e-05
8.415281627094373107e-05
1.111626625061035156e-04
1.814751158235594630e-04
7.275740790646523237e-05
2.445333229843527079e-04
8.411784074269235134e-05
1.069420904968865216e-04
8.664846536703407764e-04
1.437763421563431621e-04
5.703850911231711507e-05
6.879631109768524766e-05
8.584800525568425655e-04
2.160370422643609345e-05
2.486705852788873017e-05
3.657133856904692948e-05
1.477201749366940930e-05
8.288182471005711704e-06
8.226860518334433436e-05
7.055771129671484232e-05
3.160238338750787079e-05
1.694026723271235824e-04
8.918751700548455119e-05
1.941007758432533592e-05
3.277261930634267628e-05
2.819760411512106657e-04
3.061592724407091737e-05
6.650309660471975803e-05
2.727346145547926426e-04
2.110302557412069291e-05
7.327114872168749571e-05
1.384866918670013547e-04
1.828294043662026525e-04
9.949270315701141953e-05
9.579708421370014548e-05
8.631066884845495224e-05
1.073505700333043933e-04
3.886719787260517478e-05
1.457333710277453065e-04
9.788871102500706911e-05
3.478303551673889160e-05
1.551075401948764920e-04
1.026660247589461505e-04
2.160126496164593846e-05
3.287494109827093780e-05
3.856998635455965996e-03
5.091130879009142518e-05
4.192477354081347585e-05
6.334483623504638672e-05
2.308785951754543930e-05
6.402433064067736268e-05
1.341294264420866966e-04
3.487812864477746189e-05
8.067030285019427538e-05
4.555284976959228516e-05
7.802496838849037886e-05
9.391042840434238315e-05
1.751631643855944276e-04
2.424773811071645468e-05
8.631379751022905111e-05
1.445247035007923841e-04
5.887448787689208984e-05
2.188593207392841578e-04
2.270605909870937467e-05
1.296013651881366968e-04
4.814011917915195227e-04
3.157163882860913873e-05
3.996746963821351528e-04
6.683336687274277210e-05
5.198779763304628432e-05
3.467798160272650421e-05
3.979272514698095620e-05
1.569498635944910347e-05
1.069592399289831519e-04
1.149574891314841807e-04
2.477998350514099002e-05
2.562715962994843721e-05
1.295371213927865028e-03
8.134281415550503880e-06
1.477343721489887685e-05
6.321919499896466732e-04
2.158566494472324848e-04
5.869732922292314470e-05
4.388094021123833954e-05
5.458832310978323221e-05
1.366734504699707031e-04
4.983261896995827556e-05
4.689132401836104691e-05
4.442532954271882772e-04
9.039201540872454643e-05
7.752668170724064112e-05
7.455216837115585804e-05
9.538399172015488148e-05
3.706154166138730943e-05
8.914031786844134331e-05
1.862428471213206649e-04
1.432066437700996175e-05
2.577253144409041852e-05
3.615163586800917983e-05
2.583446621429175138e-04
1.318517479376168922e-05
1.216786313307238743e-05
2.772278276097495109e-05
1.915382381412200630e-05
1.570757740410044789e-05
2.411792229395359755e-04
1.974635670194402337e-04
8.388459536945447326e-05
9.587832755642011762e-05
4.958293720846995711e-05
7.865206134738400578e-05
4.762163007399067283e-05
8.640341548016294837e-05
4.279494460206478834e-04
1.468970731366425753e-04
6.818771362304687500e-05
1.916885412356350571e-05
5.845861232955940068e-05
2.092421163979452103e-05
1.091480226023122668e-05
1.772967516444623470e-05
3.318190574645996094e-04
1.776786084519699216e-04
1.188422538689337671e-04
3.142460627714172006e-05
6.734272756148129702e-05
1.128349031205289066e-04
3.813845978584140539e-05
7.918119081296026707e-05
1.084307859855471179e-05
1.536770287202671170e-04
9.430944919586181641e-05
8.116597746266052127e-05
3.427538104006089270e-05
3.480911254882812500e-05
9.992167179007083178e-05
1.751051968312822282e-05
5.227586734690703452e-05
5.106698881718330085e-05
2.088985929731279612e-04
5.608282517641782761e-04
7.543438550783321261e-05
7.223801221698522568e-04
1.229643821716308594e-04
1.558549702167510986e-04
3.969669342041015625e-05
2.998926538566593081e-05
8.696944860275834799e-05
2.700868208194151521e-05
8.493034692946821451e-05
3.188848495483398438e-05
4.081825318280607462e-04
1.592189073562622070e-05
1.698407286312431097e-04
8.195876580430194736e-05
1.637992500036489218e-05
3.777940946747548878e-05
5.128822886035777628e-05
1.857768620538990945e-05
2.895431134675163776e-05
1.211497510666958988e-04
2.375301846768707037e-04
2.979881719511467963e-05
3.910064697265625000e-05
1.345439432043349370e-05
2.827814751071855426e-05
2.356715849600732327e-04
1.499727368354797363e-04
2.148747444152832031e-05
6.933510303497314453e-05
6.623211811529472470e-05
2.138955278496723622e-05
3.513321280479431152e-05
3.549125540303066373e-05
1.680188688624184579e-05
5.263090133666992188e-05
2.823634713422507048e-05
4.945099499309435487e-05
6.644372479058802128e-05
5.863772457814775407e-05
1.476208399253664538e-05
4.483120937948115170e-05
3.128930256934836507e-05
3.902448588632978499e-05
6.109807145548984408e-05
1.943111419677734375e-05
2.821467205649241805e-05
1.992881334444973618e-05
1.118685122492024675e-05
1.322139451076509431e-05
4.773055115947499871e-05
2.995842987729702145e-05
1.835823059082031250e-05
1.022062861011363566e-05
2.083927392959594727e-05
1.725321199046447873e-04
2.335934368602465838e-05
4.551627625914989039e-06
2.820336339937057346e-05
4.570273813442327082e-05
6.636267789872363210e-05
2.056644188996870071e-05
3.375291635165922344e-05
1.312003405473660678e-05
5.334615707397460938e-05
3.822565122391097248e-05
6.908178329467773438e-05
2.115681127179414034e-05
1.165999346994794905e-04
2.223795127065386623e-05
3.029730032722000033e-05
4.572617399389855564e-05
2.763145857898052782e-05
7.454973092535510659e-05
2.836553721863310784e-05
4.532026287051849067e-05
2.291798591613769531e-05
6.460625445470213890e-05
1.692573277978226542e-04
3.527040098560974002e-05
9.167194548354018480e-06
1.765906781656667590e-04
1.422982495569158345e-05
1.649558544158935547e-05
1.960474583029281348e-05
2.114829549100250006e-04
4.016459206468425691e-05
2.095533709507435560e-04
1.873719011200591922e-04
1.500562648288905621e-04
1.947252458194270730e-04
3.981903864769265056e-05
1.743549364618957043e-04
6.318092346191406250e-05
9.931759996106848121e-05
1.289085957978386432e-05
1.681513385847210884e-04
3.982886119047179818e-05
5.508888352778740227e-05
6.794929504394531250e-06
5.329223131411708891e-05
2.067026434815488756e-05
4.065633038408122957e-05
1.486591791035607457e-04
3.736359940376132727e-05
6.416142423404380679e-05
2.539422712288796902e-04
1.106091986002866179e-05
9.193139703711494803e-06
2.305542730027809739e-04
1.249677588930353522e-04
2.001161192310974002e-05
4.955655822413973510e-05
7.746518531348556280e-05
7.533729512942954898e-05
4.014798832940869033e-05
1.360978465527296066e-03
8.065321890171617270e-05
4.140252349316142499e-05
4.382076804176904261e-05
7.424831710522994399e-05
6.430489884223788977e-05
3.332441701786592603e-05
8.149445056915283203e-05
5.630156010738573968e-06
3.541651312843896449e-05
5.351304935174994171e-05
8.912647899705916643e-06
3.931522587663494051e-05
3.421306610107421875e-05
8.659300510771572590e-05
2.033920827670954168e-05
5.712111669708974659e-05
1.489097921876236796e-04
7.224678993225097656e-04
8.815267938189208508e-05
1.214356962009333074e-04
1.290270301979035139e-04
5.353065262170275673e-06
2.123057929566130042e-04
1.844054349930956960e-05
8.302927017211914062e-05
1.757485551934223622e-05
2.570713331806473434e-05
1.571680331835523248e-05
3.396570900804363191e-05
1.824938772188033909e-05
1.218148681800812483e-04
8.908510062610730529e-05
2.728030085563659668e-05
3.417333209654316306e-05
4.292859375709667802e-05
2.328320115339010954e-04
4.011392593383789062e-05
5.888442501600366086e-06
5.499522012542001903e-05
9.083997429115697742e-05
3.236532211303710938e-05
7.814483069523703307e-06
7.819533493602648377e-05
1.143557710747700185e-05
2.254937862744554877e-05
2.172746098949573934e-05
4.098713543498888612e-05
4.896992322755977511e-05
2.798189962049946189e-05
2.123180274793412536e-05
4.055920726386830211e-05
1.336997607722878456e-03
1.822526792238932103e-05
6.602640496566891670e-05
2.771615982055664062e-05
4.641448686015792191e-05
7.155537787184584886e-06
4.501342846197076142e-05
2.847313953679986298e-05
1.020942454488249496e-05
1.795888056221883744e-05
3.206729888916015625e-05
2.136013790732249618e-05
3.772974014282226562e-05
2.350409886275883764e-05
8.840310329105705023e-06
3.502965046209283173e-05
4.990647357772104442e-05
9.782612323760986328e-06
1.043478732754010707e-05
3.041091804334428161e-05
2.263784517708700150e-05
2.276235136378090829e-05
1.139500545832561329e-05
3.302693585283122957e-05
4.537458007689565420e-04
2.682776721485424787e-05
4.718303898698650301e-05
1.029968261718750000e-04
1.945184703799895942e-05
4.086643457412719727e-05
3.025929072464350611e-05
1.867725804913789034e-04
4.083580643055029213e-05
4.621148036676459014e-05
3.190551797160878778e-05
1.965818046301137656e-05
3.998844113084487617e-05
7.755226761219091713e-06
7.900596756371669471e-06
1.170133327832445502e-05
1.371865801047533751e-04
3.598495095502585173e-05
1.337040612270357087e-05
1.297048947890289128e-05
6.211399886524304748e-05
1.284609697904670611e-05
1.692771911621093750e-05
3.121048212051391602e-05
1.353621519228909165e-05
5.916545342188328505e-05
2.165966543543618172e-05
8.338974112120922655e-06
1.311586038355017081e-05
1.917183362820651382e-05
1.296630307479063049e-05
2.442037293803878129e-05
3.485009074211120605e-05
1.284609697904670611e-05
3.666460514068603516e-03
2.862106703105382621e-05
3.769209433812648058e-05
8.133715891744941473e-05
8.714198884263169020e-06
2.048164606094360352e-05
5.994825041852891445e-04
1.730089570628479123e-05
1.244700524694053456e-05
9.127260273089632392e-05
2.311808748345356435e-05
7.466129773092688993e-06
4.118053402635268867e-05
2.042547566816210747e-04
2.925694025179836899e-05
7.855395779188256711e-06
2.122918704117182642e-05
5.289486580295488238e-05
2.668391607585363090e-05
1.290798245463520288e-04
3.137290696031413972e-05
2.916630473919212818e-04
8.816068657324649394e-06
1.078530385711928830e-05
4.689944489655317739e-06
5.912239430472254753e-05
8.029639866435900331e-05
2.278465944982599467e-05
1.159641487902263179e-05
6.753519846824929118e-05
1.377494754706276581e-05
4.684180021286010742e-05
1.497479024692438543e-05
8.411871385760605335e-05
2.110631794494111091e-05
4.036609971080906689e-05
7.113814353942871094e-05
4.110402733203954995e-05
3.668169256343389861e-06
4.595220161718316376e-05
2.057850360870361328e-05
4.727572377305477858e-04
1.731644624669570476e-05
7.765029557049274445e-03
1.662969589233398438e-05
8.227950456785038114e-05
2.315251731488388032e-05
8.476407856505829841e-06
9.137392225966323167e-06
2.183198957936838269e-04
2.850237433449365199e-05
1.505348427599528804e-05
5.291567958920495585e-06
2.674923962331376970e-05
7.773700417601503432e-06
8.312256250064820051e-05
2.645310996740590781e-05
5.106549724587239325e-05
9.649991989135742188e-05
3.667672717710956931e-05
5.440501627163030207e-05
5.102502764202654362e-04
3.841519355773925781e-05
6.874402515677502379e-06
8.434057235717773438e-06
6.630860298173502088e-05
8.414189505856484175e-05
1.825094295782037079e-05
4.724452537629986182e-06
5.728320047637680545e-06
7.428620847349520773e-06
4.455176531337201595e-05
4.048858318128623068e-05
1.038942136801779270e-04
1.686460927885491401e-05
9.155587031273171306e-05
2.939105070254299790e-05
5.482999767991714180e-05
1.509984372205508407e-06
5.225539280218072236e-05
1.749167131492868066e-05
2.891367148549761623e-05
1.078818168025463820e-04
1.139860396506264806e-04
3.777265665121376514e-04
1.341078605037182570e-04
1.567602157592773438e-05
1.229274857905693352e-05
1.763260843290481716e-05
5.903369674342684448e-05
2.919850157923065126e-05
5.495548248291015625e-05
1.557966170366853476e-04
1.116939256462501362e-05
9.486549970461055636e-06
1.173952387034660205e-05
1.357912988169118762e-04
1.995703678403515369e-05
1.284950667468365282e-05
3.609392297221347690e-05
3.568692773114889860e-05
5.935367880738340318e-06
3.192912481608800590e-05
5.313754172675544396e-06
2.620978921186178923e-05
8.346846152562648058e-05
1.454265002394095063e-04
3.567494786693714559e-05
5.675988359143957496e-05
3.629639104474335909e-05
2.934987060143612325e-05
3.567494786693714559e-05
5.827063887409167364e-06
6.390753696905449033e-05
1.113878388423472643e-04
1.454651373933302239e-05
4.717578121926635504e-05
1.318840368185192347e-04
1.919518035720102489e-05
4.475531568459700793e-06
5.945066732238046825e-05
5.511861218110425398e-06
1.608580350875854492e-05
2.749588247752399184e-06
1.199679081764770672e-05
1.909387792693451047e-04
6.568928711203625426e-06
1.194602646137354895e-05
3.537833617883734405e-05
1.684006565483286977e-04
5.228321242611855268e-05
4.174657442490570247e-05
4.069507122039794922e-05
6.196373578859493136e-05
2.924601358245126903e-05
1.271963119506835938e-04
1.591869804542511702e-04
4.383921623229980469e-05
1.389583048876374960e-04
6.955862318136496469e-06
1.220326703332830220e-05
5.578994660027092323e-06
3.249807923566550016e-05
1.272429653909057379e-05
4.235336018609814346e-05
4.443997022463008761e-05
5.325675010681152344e-05
7.396159344352781773e-05
2.243572998850140721e-05
7.972997991601005197e-06
9.559094905853271484e-06
7.212162017822265625e-06
4.236996392137371004e-05
1.457830330764409155e-05
4.727840496343560517e-05
2.835690975189208984e-05
6.269291043281555176e-05
1.832842826843261719e-05
1.620433613425120711e-05
2.234578278148546815e-05
6.201864016475155950e-05
1.154981146100908518e-04
8.523464202880859375e-06
2.294211299158632755e-05
3.457963612163439393e-05
5.867920481250621378e-05
3.074197229580022395e-05
4.389137029647827148e-05
5.761214924859814346e-05
1.504546708019915968e-05
7.274605195561889559e-06
2.822138048941269517e-05
6.939235390746034682e-06
3.865361213684082031e-05
2.135728573193773627e-05
2.747232429101131856e-06
1.404855629516532645e-05
7.252944214997114614e-06
5.703667993657290936e-04
1.032352429319871590e-05
3.259290315327234566e-05
2.917647361755371094e-05
1.199174512294121087e-04
2.054831275017932057e-04
9.122647497861180454e-06
1.043081283569335938e-05
1.797621916921343654e-05
8.580359462939668447e-06
2.054870128631591797e-05
4.040736530441790819e-05
2.273010250064544380e-05
3.147456664009951055e-05
3.238346471334807575e-05
3.506988286972045898e-05
1.172329302789876238e-05
9.863575542112812400e-05
2.372548806306440383e-05
1.896917819976806641e-05
7.687947072554379702e-05
7.296550029423087835e-05
1.003912529995432124e-05
3.006060978805180639e-05
8.341669854416977614e-06
1.203715783049119636e-05
1.124872142099775374e-05
7.990002814040053636e-06
2.151396620320156217e-05
2.629192204040009528e-05
1.032579530146904290e-05
5.397910354076884687e-05
4.587074363371357322e-05
2.722607678151689470e-05
7.489465497201308608e-05
5.755099482485093176e-05
2.999305797857232392e-05
6.834665782662341371e-06
7.545947937614982948e-06
3.707901341840624809e-04
1.214444637298583984e-05
1.806961904549098108e-06
2.211332321166992188e-05
2.717159077292308211e-05
8.878383596311323345e-06
2.461044459778349847e-05
2.092382237606216222e-05
3.302448021713644266e-05
4.593849589582532644e-04
1.437284754501888528e-05
2.018159102590288967e-05
1.897937327157706022e-04
6.695091724395751953e-05
1.517845248599769548e-05
1.170705309050390497e-05
5.065876757726073265e-05
5.684115876647410914e-06
2.704560756683349609e-05
2.044439315795898438e-05
3.961391121265478432e-05
2.902746200561523438e-05
4.450912092579528689e-05
3.757179001695476472e-05
1.129378506448119879e-05
1.429186977475183085e-05
7.557869139418471605e-06
1.832485213526524603e-05
2.786375262076035142e-05
3.252710712331463583e-06
1.866880302259232849e-05
3.522303450154140592e-05
4.319917479733703658e-06
9.076936294150073081e-06
1.139584037446184084e-05
5.471375334309414029e-05
1.381869078613817692e-04
3.188252958352677524e-05
9.752455298439599574e-06
2.008801966439932585e-04
3.636142719187773764e-05
5.822432740387739614e-06
5.299574695527553558e-04
1.335427896265173331e-05
3.365576412761583924e-05
1.155648933490738273e-04
2.127034349541645497e-05
3.397464752197265625e-05
7.623976216564187780e-06
3.793447103817015886e-05
2.550333738327026367e-05
1.497495759394951165e-05
1.495083142799558118e-05
2.283798949065385386e-06
2.699776632653083652e-05
1.825157050916459411e-05
1.176198293251218274e-05
1.886785139504354447e-05
3.363775249454192817e-05
1.804267594707198441e-05
6.016276165610179305e-05
1.343091389571782202e-05
5.139623317518271506e-05
3.916323112207464874e-05
1.281813547393539920e-05
1.396562765876296908e-05
2.115651113854255527e-05
3.945259777538012713e-06
7.725280738668516278e-06
5.497880556504242122e-05
3.454231091382098384e-06
4.613399505615234375e-05
5.818548743263818324e-06
1.133189471147488803e-05
2.021789623540826142e-05
4.596412691171281040e-05
5.025878548622131348e-03
8.711219379620160908e-06
1.739710569381713867e-05
3.669375655590556562e-05
2.792146551655605435e-05
8.818507012620102614e-06
3.193513111909851432e-05
1.749098555592354387e-05
2.628878519317368045e-06
9.242031410394702107e-06
7.309020475076977164e-06
6.745049904566258192e-05
1.882104334072209895e-05
9.853589290287345648e-06
2.838671207427978516e-05
1.542104655527509749e-05
5.546369266085093841e-06
1.664538103796076030e-05
1.155138033936964348e-05
1.453207187296357006e-05
3.956794535042718053e-05
4.159079708188073710e-06
3.101637412328273058e-05
6.016932275088038296e-06
1.994106605707202107e-05
8.776784852670971304e-06
1.110917037294711918e-05
8.672475814819335938e-06
3.930501043214462698e-05
4.647672176361083984e-05
5.627220616588601843e-06
7.117421773727983236e-05
5.708499429601943120e-06
2.751946522039361298e-05
1.022361630020895973e-05
5.433957085188012570e-06
4.547834396362304688e-05
1.424551010131835938e-05
1.607835292816162109e-05
2.096828757203184068e-05
6.402080998668679968e-06
5.245208740234375000e-06
7.927417755126953125e-06
8.566039468860253692e-06
9.591934031050186604e-06
8.008697477634996176e-06
3.016254231624770910e-05
4.379645815788535401e-06
7.820981409167870879e-06
4.517404704529326409e-06
4.865907158091431484e-06
3.037566239072475582e-05
4.949067806592211127e-05
7.271766662597656250e-06
6.126320840849075466e-06
8.227759099099785089e-05
1.133339810621691868e-05
5.296203744364902377e-05
1.960642293852288276e-05
4.940657527185976505e-05
1.469396465836325660e-05
3.311747786938212812e-05
3.363104406162165105e-05
1.763986510923132300e-04
1.810789217415731400e-05
2.062634484900627285e-05
4.004029506177175790e-06
6.693304021609947085e-05
9.854634299699682742e-06
9.951137144526001066e-06
2.437830062262946740e-06
1.089705401682294905e-04
6.289709290285827592e-06
3.846628533210605383e-05
2.889904426410794258e-04
1.105195588024798781e-05
1.013278961181640625e-05
2.095573836413677782e-05
2.882273292925674468e-05
4.196167355985380709e-05
1.744847577356267720e-05
1.037748279486550018e-05
7.824521162547171116e-05
5.245208740234375000e-06
4.284911938157165423e-06
2.234843123005703092e-05
7.255511263792868704e-06
6.461143584601813927e-06
2.186000347137451172e-05
2.360343933105468750e-05
3.632746302173472941e-05
7.331371307373046875e-06
2.054941069218330085e-05
2.746020982158370316e-05
1.634586442378349602e-05
2.834498991433065385e-05
4.617791546479566023e-06
2.438531191728543490e-05
2.930561822722665966e-05
2.151159969798754901e-05
7.773700417601503432e-06
7.417466804326977581e-06
7.994034604053013027e-06
5.931958185101393610e-06
1.402696034347172827e-05
6.177628529258072376e-04
5.000829696655273438e-05
1.048100602929480374e-05
9.579318430041894317e-06
9.900331860990263522e-06
4.649162292480468750e-06
6.235308774193981662e-06
4.813204577658325434e-05
1.756782148731872439e-05
8.209186489693820477e-06
1.203715783049119636e-05
1.647926546866074204e-05
9.187629984808154404e-06
1.365542448183987290e-05
5.494145625561941415e-06
4.892764081887435168e-06
1.310734569415217265e-05
8.713631359569262713e-06
9.348133462481200695e-04
1.557249743200372905e-05
8.873641490936279297e-06
7.496939815609948710e-06
1.633175415918231010e-03
2.917490746767725796e-06
7.632531378476414829e-06
3.947931418224470690e-06
1.037518159137107432e-04
4.005929076811298728e-05
1.699974200164433569e-05
4.800883289135526866e-06
1.691517172730527818e-05
2.915263212344143540e-05
1.931190490722656250e-05
1.228417269885540009e-03
4.890718173555796966e-06
2.100593337672762573e-05
2.881824912037700415e-04
3.905857283825753257e-06
4.556443855108227581e-06
1.967766183952335268e-05
3.213683839931036346e-06
5.543232418858679011e-06
4.311800148570910096e-05
1.736150807118974626e-05
1.601245749043300748e-04
3.528926026774570346e-05
5.902846532990224659e-05
3.407983285796944983e-06
2.209842205047607422e-05
1.072585564543260261e-05
2.592802047729492188e-05
9.393151231051888317e-06
1.001358032226562500e-05
1.666446587478276342e-05
5.020981916459277272e-05
3.273288484706426971e-06
2.028828566835727543e-05
1.331351086264476180e-05
1.204853761009871960e-04
3.495481360005214810e-05
7.296863259398378432e-06
5.032964327256195247e-05
6.136686806712532416e-06
8.162718266248703003e-03
5.753267487307311967e-06
1.613866697880439460e-05
7.403393738059094176e-06
1.390079705743119121e-04
6.832859980931971222e-06
2.981173383886925876e-05
9.186565876007080078e-06
2.703070776988170110e-06
5.522641367861069739e-05
7.541406830569030717e-06
1.119242938329989556e-06
2.470281515343231149e-06
1.879963674582540989e-04
2.804555379043449648e-06
6.396662229235516861e-06
5.764119578088866547e-06
2.025506000791210681e-05
3.664117230073316023e-06
4.154444104642607272e-05
4.359609374660067260e-05
4.724452537629986182e-06
6.056967322365380824e-06
2.361536098760552704e-05
1.811981201171875000e-05
8.391009941988158971e-06
2.087487337121274322e-05
9.559922546031884849e-06
6.393382591340923682e-06
1.904043310787528753e-04
3.814697265625000000e-06
3.240596197429113090e-05
1.383490052830893546e-05
1.475220429711043835e-03
5.839686855324544013e-05
8.388569767703302205e-06
3.312937915325164795e-04
1.219246132677653804e-05
1.535632509330753237e-05
2.911091178248170763e-05
1.329928636550903320e-05
7.054385150695452467e-06
3.430247306823730469e-05
1.044216605805559084e-05
2.440952130200457759e-06
7.960531547723803669e-06
2.349416718061547726e-06
2.741186290222685784e-05
1.107596253859810531e-04
2.162797045457409695e-06
1.906686338770668954e-05
6.566113734152168036e-05
8.319553671753965318e-06
1.784165760909672827e-05
7.611513865413144231e-06
7.312548859772505239e-06
2.060458245978225023e-05
1.336932200501905754e-05
7.516145615227287635e-06
4.249811354384291917e-06
1.428629275324055925e-05
6.738830961694475263e-06
1.338395350103382953e-06
6.350378498609643430e-06
1.591727959748823196e-05
4.258420631231274456e-06
5.829901965626049787e-06
1.713904566713608801e-05
8.267515113402623683e-06
9.318193406215868890e-06
4.096258271601982415e-05
4.187226295471191406e-06
6.300211225607199594e-06
2.350126123928930610e-06
6.101348390075145289e-06
1.218914985656738281e-05
1.173860891867661849e-05
7.798274054948706180e-06
7.203350833151489496e-05
8.610221993876621127e-05
3.612290311139076948e-05
1.225782489200355485e-05
8.627124771010130644e-06
1.934880310727749020e-05
2.363749990763608366e-05
5.559788860409753397e-06
9.715557098388671875e-06
1.974727865672321059e-06
1.980756496777758002e-05
2.421830913590383716e-06
8.151644578902050853e-06
7.589658252982189879e-06
6.228685379028320312e-06
2.993477664858801290e-06
5.602552846539765596e-05
8.971795068646315485e-06
2.192126430600183085e-06
5.346277703210944310e-06
3.082411694776965305e-06
1.538992000860162079e-05
2.325123023183550686e-05
5.521272214537020773e-06
8.618831998319365084e-06
3.102279833910870366e-06
2.248720647912705317e-06
1.282351422560168430e-05
3.357768000569194555e-04
7.838010787963867188e-06
3.877140443364623934e-06
3.145800747006433085e-06
8.983271982287988067e-06
3.870795808325055987e-06
2.854010745068080723e-06
2.616330220917006955e-06
6.785988716728752479e-06
3.012839442817494273e-05
9.379784023622050881e-05
7.104874384822323918e-06
1.524140498077031225e-05
1.670916935836430639e-05
1.863872239482589066e-05
4.122853715671226382e-05
7.814483069523703307e-06
3.998929969384334981e-06
3.113150523859076202e-05
1.573066037963144481e-05
2.534493205530452542e-06
