7.167649269104003906e-01
7.333520054817199707e-01
6.748885512351989746e-01
6.891021728515625000e-01
6.485642790794372559e-01
6.424725651741027832e-01
6.242766380310058594e-01
5.879292488098144531e-01
5.607088804244995117e-01
5.605577230453491211e-01
5.589457154273986816e-01
5.910562276840209961e-01
6.082584857940673828e-01
5.977883934974670410e-01
5.981439948081970215e-01
5.524942278861999512e-01
5.822404623031616211e-01
5.584483146667480469e-01
5.518060326576232910e-01
5.345196127891540527e-01
5.324315428733825684e-01
5.344545245170593262e-01
5.289536714553833008e-01
5.028969645500183105e-01
5.618328452110290527e-01
5.552759766578674316e-01
5.079590678215026855e-01
4.878976345062255859e-01
5.270728468894958496e-01
5.423553586006164551e-01
4.910984635353088379e-01
5.510517358779907227e-01
4.994368851184844971e-01
5.334182977676391602e-01
4.710860848426818848e-01
4.807899892330169678e-01
4.905764460563659668e-01
4.923974275588989258e-01
4.646183550357818604e-01
4.500403106212615967e-01
4.550153613090515137e-01
4.490780532360076904e-01
4.580692052841186523e-01
4.351145923137664795e-01
4.786401093006134033e-01
4.651517868041992188e-01
4.602611064910888672e-01
4.650434553623199463e-01
4.532093405723571777e-01
4.715605676174163818e-01
4.643484354019165039e-01
4.260014593601226807e-01
4.644868969917297363e-01
4.343681335449218750e-01
4.535009860992431641e-01
4.434984922409057617e-01
4.394700229167938232e-01
4.117896556854248047e-01
4.674353599548339844e-01
4.421907067298889160e-01
4.075291454792022705e-01
4.131039381027221680e-01
3.896605074405670166e-01
4.021099209785461426e-01
4.573708474636077881e-01
4.034682512283325195e-01
4.074555337429046631e-01
4.322967827320098877e-01
4.202295839786529541e-01
4.526462256908416748e-01
3.944656550884246826e-01
4.272997677326202393e-01
3.817982375621795654e-01
3.893166184425354004e-01
4.252945184707641602e-01
3.861596286296844482e-01
4.273634850978851318e-01
4.060833454132080078e-01
3.813041150569915771e-01
3.864297270774841309e-01
3.952482342720031738e-01
3.685215413570404053e-01
3.819734752178192139e-01
3.534893393516540527e-01
3.696275055408477783e-01
4.072669744491577148e-01
3.720562458038330078e-01
3.733755052089691162e-01
4.246655702590942383e-01
3.721582591533660889e-01
3.657361865043640137e-01
3.830887377262115479e-01
3.564633727073669434e-01
3.582394123077392578e-01
4.166754782199859619e-01
3.639754951000213623e-01
3.525260984897613525e-01
3.509459793567657471e-01
3.566880524158477783e-01
3.354817032814025879e-01
3.858524858951568604e-01
4.012922644615173340e-01
3.378442823886871338e-01
4.020054936408996582e-01
3.948487341403961182e-01
3.513696193695068359e-01
3.512080907821655273e-01
3.633431494235992432e-01
3.632716536521911621e-01
3.429332375526428223e-01
3.453772664070129395e-01
3.886509537696838379e-01
3.484934866428375244e-01
3.431906700134277344e-01
3.374736905097961426e-01
3.354591429233551025e-01
3.099103569984436035e-01
3.486840426921844482e-01
3.863645195960998535e-01
3.340472579002380371e-01
3.204936385154724121e-01
3.785693049430847168e-01
2.964689433574676514e-01
3.635100126266479492e-01
3.225048482418060303e-01
3.559259772300720215e-01
3.091688156127929688e-01
3.404128551483154297e-01
3.396723866462707520e-01
3.054299056529998779e-01
2.960510551929473877e-01
2.935582399368286133e-01
2.930702269077301025e-01
3.510425984859466553e-01
3.038602173328399658e-01
3.046145439147949219e-01
3.625932037830352783e-01
3.161195218563079834e-01
3.035662174224853516e-01
3.227095901966094971e-01
3.603130280971527100e-01
3.399966955184936523e-01
3.275704681873321533e-01
3.397953808307647705e-01
3.333214819431304932e-01
3.357966840267181396e-01
2.957220077514648438e-01
3.668969869613647461e-01
3.432215452194213867e-01
2.836600244045257568e-01
3.002586960792541504e-01
3.094768524169921875e-01
3.242740631103515625e-01
2.987983822822570801e-01
3.457868993282318115e-01
2.993901073932647705e-01
3.187540471553802490e-01
3.275015354156494141e-01
3.299939334392547607e-01
3.248085081577301025e-01
2.939001023769378662e-01
3.122765421867370605e-01
3.541220724582672119e-01
3.065064847469329834e-01
3.628407418727874756e-01
3.113320767879486084e-01
3.195006549358367920e-01
2.943916916847229004e-01
2.798237502574920654e-01
3.023417294025421143e-01
3.529583513736724854e-01
3.173879384994506836e-01
3.505876362323760986e-01
3.070780634880065918e-01
3.112463653087615967e-01
3.507559299468994141e-01
3.051369488239288330e-01
2.886441051959991455e-01
3.438255488872528076e-01
3.624320626258850098e-01
2.986856698989868164e-01
2.641946673393249512e-01
3.469939231872558594e-01
3.112873435020446777e-01
3.061513602733612061e-01
3.365623950958251953e-01
3.349941968917846680e-01
2.994346022605895996e-01
3.021900951862335205e-01
3.077885508537292480e-01
2.770893871784210205e-01
2.790240645408630371e-01
2.811254858970642090e-01
3.391850292682647705e-01
2.948859035968780518e-01
2.797157466411590576e-01
3.033175766468048096e-01
2.779296636581420898e-01
2.758355736732482910e-01
3.371642231941223145e-01
2.923570871353149414e-01
2.791367471218109131e-01
2.928017079830169678e-01
2.934494912624359131e-01
2.900592386722564697e-01
2.520552873611450195e-01
3.301569819450378418e-01
3.250328898429870605e-01
2.906360030174255371e-01
2.486615329980850220e-01
2.665208578109741211e-01
3.283845186233520508e-01
2.696667015552520752e-01
3.275414407253265381e-01
3.112599849700927734e-01
2.609129250049591064e-01
2.655724287033081055e-01
2.983116805553436279e-01
3.216122388839721680e-01
2.716453671455383301e-01
3.227975666522979736e-01
2.792189121246337891e-01
2.702306807041168213e-01
2.673341333866119385e-01
2.621179819107055664e-01
2.736252844333648682e-01
2.730366289615631104e-01
3.106358349323272705e-01
2.661889195442199707e-01
2.793373763561248779e-01
2.326412200927734375e-01
2.409814894199371338e-01
2.825621962547302246e-01
2.763472199440002441e-01
2.668397724628448486e-01
2.280892878770828247e-01
2.753412127494812012e-01
2.848755717277526855e-01
2.520106434822082520e-01
2.383434623479843140e-01
2.484239339828491211e-01
2.653928697109222412e-01
3.020900487899780273e-01
2.609965801239013672e-01
2.347150593996047974e-01
2.783896028995513916e-01
2.608957588672637939e-01
2.705188691616058350e-01
3.031960427761077881e-01
2.632940709590911865e-01
2.699939906597137451e-01
2.484963983297348022e-01
2.455277144908905029e-01
2.757015228271484375e-01
2.657989859580993652e-01
2.983319461345672607e-01
2.609045803546905518e-01
2.702144384384155273e-01
2.544775307178497314e-01
2.347973585128784180e-01
2.236666232347488403e-01
2.417985945940017700e-01
3.046253025531768799e-01
2.645864486694335938e-01
2.959792613983154297e-01
2.570083439350128174e-01
2.358697056770324707e-01
2.406088709831237793e-01
2.943229973316192627e-01
2.681359648704528809e-01
2.370715439319610596e-01
2.554369270801544189e-01
2.676721811294555664e-01
2.851790785789489746e-01
3.076390922069549561e-01
2.625337541103363037e-01
2.416842728853225708e-01
2.172190546989440918e-01
2.407950460910797119e-01
2.690332829952239990e-01
2.501666843891143799e-01
2.518728375434875488e-01
3.007842004299163818e-01
2.447524666786193848e-01
2.182658612728118896e-01
2.428309023380279541e-01
2.768899202346801758e-01
3.025059103965759277e-01
2.490970194339752197e-01
2.569333314895629883e-01
2.478892654180526733e-01
2.524965107440948486e-01
2.326042205095291138e-01
2.873915135860443115e-01
2.490461766719818115e-01
2.918860912322998047e-01
2.601366937160491943e-01
2.708550989627838135e-01
2.808904051780700684e-01
2.775873243808746338e-01
2.754085958003997803e-01
2.124398201704025269e-01
2.508250772953033447e-01
2.412758618593215942e-01
2.798222899436950684e-01
2.420635372400283813e-01
2.394627928733825684e-01
2.596553266048431396e-01
2.460450530052185059e-01
2.932396829128265381e-01
2.373812496662139893e-01
2.376414090394973755e-01
2.573468685150146484e-01
2.354569286108016968e-01
2.803936600685119629e-01
2.121454924345016479e-01
2.582166790962219238e-01
2.743807733058929443e-01
2.545836269855499268e-01
2.770589590072631836e-01
2.357810437679290771e-01
2.519878447055816650e-01
2.197923064231872559e-01
2.856704294681549072e-01
2.478505820035934448e-01
2.337535023689270020e-01
2.472335696220397949e-01
2.061284929513931274e-01
2.315802276134490967e-01
2.813419401645660400e-01
2.697211503982543945e-01
2.310881316661834717e-01
2.697591781616210938e-01
2.698927521705627441e-01
2.485185265541076660e-01
2.319099158048629761e-01
2.531326711177825928e-01
2.825928628444671631e-01
2.014293819665908813e-01
2.654170691967010498e-01
2.387268990278244019e-01
2.762691974639892578e-01
2.401271909475326538e-01
2.202488034963607788e-01
2.499537914991378784e-01
2.550347745418548584e-01
2.441705763339996338e-01
2.351659536361694336e-01
2.211704701185226440e-01
2.337931543588638306e-01
2.065829485654830933e-01
2.452504336833953857e-01
2.259464263916015625e-01
2.347375154495239258e-01
2.312483489513397217e-01
2.408807873725891113e-01
2.195308059453964233e-01
2.448982000350952148e-01
2.314548492431640625e-01
2.147197872400283813e-01
2.318250685930252075e-01
2.277325689792633057e-01
2.269106060266494751e-01
2.277198582887649536e-01
2.316155880689620972e-01
2.453053891658782959e-01
2.713061273097991943e-01
2.266927957534790039e-01
2.286145240068435669e-01
2.456033229827880859e-01
2.446190863847732544e-01
2.291810363531112671e-01
2.355760037899017334e-01
2.573331594467163086e-01
2.317984551191329956e-01
2.309246510267257690e-01
2.252688705921173096e-01
2.272111624479293823e-01
2.325160503387451172e-01
2.336626350879669189e-01
2.232332229614257812e-01
2.266860157251358032e-01
2.390483021736145020e-01
2.150550782680511475e-01
2.295245379209518433e-01
2.280466705560684204e-01
2.241213768720626831e-01
2.362005114555358887e-01
2.450661808252334595e-01
2.360271066427230835e-01
2.385702431201934814e-01
2.303885668516159058e-01
2.656753361225128174e-01
2.369678616523742676e-01
2.096523642539978027e-01
2.217106372117996216e-01
2.027786970138549805e-01
2.354814857244491577e-01
2.027191519737243652e-01
2.255861163139343262e-01
2.278624325990676880e-01
2.200532853603363037e-01
2.687943875789642334e-01
2.279102951288223267e-01
2.177944481372833252e-01
2.212758660316467285e-01
2.260303795337677002e-01
2.316401153802871704e-01
2.239005267620086670e-01
2.560005784034729004e-01
2.234991639852523804e-01
2.214921563863754272e-01
2.044098973274230957e-01
2.165708839893341064e-01
2.535117864608764648e-01
2.372436523437500000e-01
2.592043280601501465e-01
2.279606312513351440e-01
2.138981521129608154e-01
2.193301916122436523e-01
2.567736804485321045e-01
1.983871459960937500e-01
2.256068587303161621e-01
1.979705542325973511e-01
2.351208329200744629e-01
2.092404961585998535e-01
2.082054018974304199e-01
2.103562802076339722e-01
2.205717861652374268e-01
1.935348510742187500e-01
2.232406586408615112e-01
1.988528370857238770e-01
2.273191213607788086e-01
2.034430056810379028e-01
2.275613546371459961e-01
2.296995967626571655e-01
2.231013774871826172e-01
2.115609943866729736e-01
2.048959583044052124e-01
2.579219341278076172e-01
1.933540254831314087e-01
2.167761325836181641e-01
2.342271506786346436e-01
2.197421044111251831e-01
2.235144674777984619e-01
2.494419813156127930e-01
2.244682013988494873e-01
2.275217920541763306e-01
2.470135986804962158e-01
2.208974063396453857e-01
2.211156487464904785e-01
1.982481032609939575e-01
1.959219425916671753e-01
2.395573705434799194e-01
2.236305624246597290e-01
2.294300496578216553e-01
2.111432850360870361e-01
1.964995265007019043e-01
2.216897457838058472e-01
2.028145939111709595e-01
2.262248396873474121e-01
2.226432412862777710e-01
2.328799962997436523e-01
2.228342890739440918e-01
2.373893260955810547e-01
2.155133634805679321e-01
2.275885343551635742e-01
2.482703924179077148e-01
2.271333932876586914e-01
2.104576081037521362e-01
2.215140163898468018e-01
2.273263931274414062e-01
2.217867225408554077e-01
2.166597992181777954e-01
2.113241404294967651e-01
2.254355400800704956e-01
2.200499176979064941e-01
2.317416220903396606e-01
2.198694497346878052e-01
2.212262153625488281e-01
2.487557977437973022e-01
2.152669727802276611e-01
2.106818109750747681e-01
2.054395973682403564e-01
2.318087220191955566e-01
2.379085868597030640e-01
2.204984426498413086e-01
2.106944620609283447e-01
1.928521543741226196e-01
2.196834385395050049e-01
1.931221783161163330e-01
2.538746893405914307e-01
2.218817770481109619e-01
2.089229226112365723e-01
2.476589828729629517e-01
2.530129849910736084e-01
2.129532992839813232e-01
2.232943028211593628e-01
2.132569849491119385e-01
2.398823052644729614e-01
2.141272872686386108e-01
2.452879995107650757e-01
2.133887708187103271e-01
2.179249823093414307e-01
1.960295140743255615e-01
2.174557447433471680e-01
2.150913774967193604e-01
2.212943434715270996e-01
1.947334408760070801e-01
2.098014801740646362e-01
2.233702838420867920e-01
2.270721793174743652e-01
2.192205041646957397e-01
2.059019654989242554e-01
2.175402492284774780e-01
1.928839385509490967e-01
2.126821428537368774e-01
2.178983390331268311e-01
2.038092017173767090e-01
2.166534364223480225e-01
2.212768793106079102e-01
2.430406063795089722e-01
2.094822227954864502e-01
2.182065844535827637e-01
1.880068331956863403e-01
2.167724519968032837e-01
2.194835841655731201e-01
2.274910956621170044e-01
1.881739944219589233e-01
2.112623155117034912e-01
2.131388634443283081e-01
2.131873965263366699e-01
2.454625666141510010e-01
2.123393565416336060e-01
2.467006593942642212e-01
2.149523496627807617e-01
2.084682285785675049e-01
2.044862955808639526e-01
2.128156125545501709e-01
2.016231864690780640e-01
2.151317298412322998e-01
2.088452279567718506e-01
2.080659866333007812e-01
2.170391827821731567e-01
2.184963822364807129e-01
2.197548151016235352e-01
2.057562321424484253e-01
2.057645767927169800e-01
2.099337279796600342e-01
2.541320323944091797e-01
2.135481238365173340e-01
1.895446032285690308e-01
2.048338651657104492e-01
2.079796791076660156e-01
2.063638120889663696e-01
1.875778436660766602e-01
2.146099805831909180e-01
2.161490470170974731e-01
2.099910825490951538e-01
2.596581280231475830e-01
2.158549726009368896e-01
2.085251212120056152e-01
2.099644690752029419e-01
2.067890167236328125e-01
2.462275475263595581e-01
2.094865739345550537e-01
2.068109810352325439e-01
2.141860723495483398e-01
2.135164886713027954e-01
2.304039895534515381e-01
2.202386856079101562e-01
2.072504758834838867e-01
1.874200701713562012e-01
2.022727131843566895e-01
2.128339111804962158e-01
2.201718240976333618e-01
2.259329706430435181e-01
1.917426735162734985e-01
2.369793057441711426e-01
2.118622064590454102e-01
1.909514516592025757e-01
2.201168090105056763e-01
2.101924568414688110e-01
2.348500192165374756e-01
2.150834053754806519e-01
2.069454342126846313e-01
1.935194134712219238e-01
1.873641610145568848e-01
2.373926937580108643e-01
2.132553458213806152e-01
2.015032619237899780e-01
2.140195816755294800e-01
1.843488514423370361e-01
2.155767083168029785e-01
2.045448720455169678e-01
2.097187787294387817e-01
2.111411094665527344e-01
2.402045428752899170e-01
1.994073092937469482e-01
2.163863629102706909e-01
2.058429718017578125e-01
2.054655104875564575e-01
2.002312391996383667e-01
2.081601768732070923e-01
2.032843977212905884e-01
2.073482871055603027e-01
1.947117149829864502e-01
1.877835392951965332e-01
2.022941261529922485e-01
2.002374231815338135e-01
2.448803484439849854e-01
2.024035006761550903e-01
2.420401871204376221e-01
1.840754747390747070e-01
2.270926386117935181e-01
2.049292027950286865e-01
2.043488919734954834e-01
1.851119101047515869e-01
2.141281813383102417e-01
2.173628509044647217e-01
2.061119526624679565e-01
2.422405928373336792e-01
1.860272735357284546e-01
2.361734807491302490e-01
2.134805917739868164e-01
2.013376355171203613e-01
2.365943193435668945e-01
2.355925291776657104e-01
1.967139840126037598e-01
2.044790387153625488e-01
2.099570184946060181e-01
2.135071009397506714e-01
2.004506289958953857e-01
2.143689841032028198e-01
2.038060575723648071e-01
2.097530514001846313e-01
2.009882628917694092e-01
2.229005247354507446e-01
1.934209167957305908e-01
1.982337832450866699e-01
1.993483006954193115e-01
2.175167351961135864e-01
2.123184800148010254e-01
2.099777758121490479e-01
1.835935115814208984e-01
2.001057565212249756e-01
2.001749128103256226e-01
2.200654596090316772e-01
2.187985032796859741e-01
2.073442339897155762e-01
1.857378035783767700e-01
2.017477899789810181e-01
2.292105257511138916e-01
2.452356666326522827e-01
1.793192625045776367e-01
2.027080357074737549e-01
1.842714399099349976e-01
2.054887413978576660e-01
2.032116651535034180e-01
1.881692111492156982e-01
1.870047748088836670e-01
2.008623629808425903e-01
2.360866665840148926e-01
1.982946693897247314e-01
1.978331655263900757e-01
2.041292786598205566e-01
2.063644677400588989e-01
2.166341692209243774e-01
2.094951421022415161e-01
2.075424343347549438e-01
2.266823500394821167e-01
1.835104227066040039e-01
1.822137981653213501e-01
2.226881980895996094e-01
2.063760012388229370e-01
1.865909397602081299e-01
1.961997896432876587e-01
2.113659530878067017e-01
2.026358693838119507e-01
1.953745633363723755e-01
2.363328337669372559e-01
2.208425849676132202e-01
1.965694278478622437e-01
2.047260552644729614e-01
2.219706475734710693e-01
2.286282628774642944e-01
2.147092074155807495e-01
2.159131318330764771e-01
2.393171936273574829e-01
1.973195970058441162e-01
2.044495791196823120e-01
2.062043100595474243e-01
1.973060667514801025e-01
2.083162814378738403e-01
2.026409357786178589e-01
2.122088819742202759e-01
2.104719430208206177e-01
1.894232332706451416e-01
2.042665332555770874e-01
1.861484050750732422e-01
2.263610064983367920e-01
2.065477520227432251e-01
1.919173002243041992e-01
2.078269273042678833e-01
2.023678869009017944e-01
2.183648347854614258e-01
1.984575986862182617e-01
2.066674679517745972e-01
1.874632388353347778e-01
2.045009881258010864e-01
2.231478989124298096e-01
2.045770585536956787e-01
2.124601006507873535e-01
1.850157231092453003e-01
1.958159357309341431e-01
1.929919421672821045e-01
1.958419680595397949e-01
1.916280239820480347e-01
2.266980409622192383e-01
2.322214394807815552e-01
2.038424015045166016e-01
2.338355928659439087e-01
2.073103040456771851e-01
1.854918748140335083e-01
1.967517137527465820e-01
1.932558268308639526e-01
1.806132495403289795e-01
2.038456052541732788e-01
2.271443158388137817e-01
2.289417386054992676e-01
1.943362057209014893e-01
1.968320161104202271e-01
2.075565606355667114e-01
2.333844304084777832e-01
2.285564839839935303e-01
1.988326609134674072e-01
1.990108042955398560e-01
1.929763108491897583e-01
1.866887360811233521e-01
2.006007730960845947e-01
2.179112285375595093e-01
1.858509629964828491e-01
2.277965694665908813e-01
2.073946297168731689e-01
1.993748396635055542e-01
1.970409303903579712e-01
2.118306159973144531e-01
1.976069211959838867e-01
1.999168246984481812e-01
1.987722367048263550e-01
2.054214030504226685e-01
2.013751268386840820e-01
2.047869563102722168e-01
2.259565740823745728e-01
1.748374402523040771e-01
2.004853785037994385e-01
2.059279233217239380e-01
2.267224341630935669e-01
1.907939463853836060e-01
1.762717366218566895e-01
2.062756121158599854e-01
2.265580147504806519e-01
2.146504670381546021e-01
1.890145391225814819e-01
2.193702906370162964e-01
1.990958452224731445e-01
2.044713646173477173e-01
1.938581764698028564e-01
2.050536721944808960e-01
1.972445547580718994e-01
1.993315070867538452e-01
2.105319052934646606e-01
2.119939923286437988e-01
2.038172781467437744e-01
1.965407580137252808e-01
1.817628443241119385e-01
1.934218704700469971e-01
1.966568082571029663e-01
2.201773077249526978e-01
2.327329516410827637e-01
2.248685359954833984e-01
1.915725320577621460e-01
2.020020633935928345e-01
2.099206000566482544e-01
1.750292778015136719e-01
1.899117678403854370e-01
1.976699829101562500e-01
2.207788676023483276e-01
1.948920637369155884e-01
1.875408291816711426e-01
1.877360790967941284e-01
2.000823318958282471e-01
2.003063857555389404e-01
1.943629831075668335e-01
1.998235285282135010e-01
1.926718652248382568e-01
1.721943914890289307e-01
1.768603473901748657e-01
2.129326909780502319e-01
1.781629472970962524e-01
2.107690423727035522e-01
2.010920643806457520e-01
1.949129104614257812e-01
1.915639489889144897e-01
1.992930918931961060e-01
2.026029825210571289e-01
2.005919665098190308e-01
2.029591500759124756e-01
2.021062821149826050e-01
2.035149037837982178e-01
2.047883570194244385e-01
2.131420969963073730e-01
2.034785896539688110e-01
1.913007646799087524e-01
2.184589654207229614e-01
2.259638458490371704e-01
2.054971009492874146e-01
2.235466390848159790e-01
2.260758578777313232e-01
2.229157090187072754e-01
1.932614296674728394e-01
2.213714420795440674e-01
1.771249771118164062e-01
1.930777430534362793e-01
1.864074170589447021e-01
1.977792084217071533e-01
1.977074742317199707e-01
2.356821894645690918e-01
1.822857707738876343e-01
2.017974555492401123e-01
2.064482420682907104e-01
1.984636187553405762e-01
2.107559293508529663e-01
2.167102992534637451e-01
2.024880498647689819e-01
1.996036320924758911e-01
1.761409789323806763e-01
2.065176665782928467e-01
1.909815967082977295e-01
2.020049989223480225e-01
1.968611925840377808e-01
2.030391246080398560e-01
2.000004351139068604e-01
2.127046436071395874e-01
1.980096697807312012e-01
1.865530163049697876e-01
2.002891600131988525e-01
2.035042643547058105e-01
1.739582270383834839e-01
1.980811059474945068e-01
2.046989202499389648e-01
1.963241100311279297e-01
2.038377374410629272e-01
1.959613561630249023e-01
1.914234310388565063e-01
1.770971566438674927e-01
1.969563812017440796e-01
1.852540671825408936e-01
1.969697624444961548e-01
1.959903985261917114e-01
1.951248794794082642e-01
1.960166841745376587e-01
2.017265558242797852e-01
1.793013960123062134e-01
1.955425888299942017e-01
1.913551688194274902e-01
1.956754177808761597e-01
2.105526328086853027e-01
1.989347189664840698e-01
2.045683562755584717e-01
1.830853521823883057e-01
1.853824406862258911e-01
1.857028454542160034e-01
2.200089246034622192e-01
2.185727357864379883e-01
1.918749809265136719e-01
1.963556110858917236e-01
2.115209698677062988e-01
1.896881163120269775e-01
2.123198211193084717e-01
2.196820080280303955e-01
1.983311474323272705e-01
2.127700448036193848e-01
2.026364505290985107e-01
2.054645419120788574e-01
1.918091177940368652e-01
1.908745765686035156e-01
1.829206049442291260e-01
1.964403986930847168e-01
2.227825820446014404e-01
1.892631053924560547e-01
1.900416463613510132e-01
2.124358117580413818e-01
2.150475233793258667e-01
1.949193924665451050e-01
1.974248886108398438e-01
1.724424213171005249e-01
1.755192726850509644e-01
1.945760250091552734e-01
1.967083662748336792e-01
2.148430645465850830e-01
2.038595378398895264e-01
2.090781778097152710e-01
2.137724608182907104e-01
1.755300462245941162e-01
1.727256327867507935e-01
2.053920775651931763e-01
1.802491694688796997e-01
1.952513903379440308e-01
2.073034495115280151e-01
1.844229847192764282e-01
2.169368565082550049e-01
1.986286640167236328e-01
1.914119720458984375e-01
1.896166950464248657e-01
1.865570247173309326e-01
2.145299166440963745e-01
2.117982208728790283e-01
1.703495532274246216e-01
2.038280814886093140e-01
1.938541829586029053e-01
2.107586413621902466e-01
1.950134187936782837e-01
1.755782365798950195e-01
1.968674659729003906e-01
1.957986503839492798e-01
1.680661141872406006e-01
1.952420175075531006e-01
2.024157047271728516e-01
1.920233517885208130e-01
1.926820427179336548e-01
1.974281668663024902e-01
2.164302766323089600e-01
1.755519062280654907e-01
1.872861236333847046e-01
2.042208462953567505e-01
1.988640725612640381e-01
1.932667940855026245e-01
1.971252411603927612e-01
2.017739564180374146e-01
1.919424533843994141e-01
1.753465682268142700e-01
1.970620304346084595e-01
1.726602762937545776e-01
2.190294265747070312e-01
2.140681147575378418e-01
2.065652310848236084e-01
1.890159994363784790e-01
2.005316168069839478e-01
2.031486034393310547e-01
1.788719594478607178e-01
2.231594026088714600e-01
1.724180579185485840e-01
1.852923482656478882e-01
2.183787673711776733e-01
1.905811131000518799e-01
1.998154670000076294e-01
2.036752700805664062e-01
1.799152046442031860e-01
1.934425979852676392e-01
1.944992393255233765e-01
1.902143955230712891e-01
1.727521121501922607e-01
1.820532679557800293e-01
1.852249652147293091e-01
2.012198418378829956e-01
2.223309576511383057e-01
1.932240575551986694e-01
2.001600861549377441e-01
2.223286777734756470e-01
1.922501176595687866e-01
2.132946699857711792e-01
1.779014617204666138e-01
1.782773286104202271e-01
1.840542852878570557e-01
1.756877005100250244e-01
1.801103800535202026e-01
2.102047055959701538e-01
2.003763616085052490e-01
2.127680182456970215e-01
1.951784193515777588e-01
1.949454843997955322e-01
2.178319543600082397e-01
1.893116533756256104e-01
1.891233175992965698e-01
1.962033212184906006e-01
1.876257359981536865e-01
1.988435536623001099e-01
1.969195157289505005e-01
1.938017457723617554e-01
2.114762365818023682e-01
1.994358897209167480e-01
2.289468199014663696e-01
1.853530853986740112e-01
1.925118565559387207e-01
2.137807905673980713e-01
1.843921989202499390e-01
1.955714076757431030e-01
2.120101451873779297e-01
2.006135433912277222e-01
2.201001793146133423e-01
1.863813251256942749e-01
1.829428821802139282e-01
1.805710792541503906e-01
1.897900849580764771e-01
1.735023111104965210e-01
1.918394267559051514e-01
1.714768111705780029e-01
1.754799932241439819e-01
2.232197672128677368e-01
1.783280670642852783e-01
1.857256442308425903e-01
2.025170028209686279e-01
2.218419909477233887e-01
1.932260245084762573e-01
1.708194166421890259e-01
1.754269152879714966e-01
1.886380761861801147e-01
2.014351189136505127e-01
1.874215006828308105e-01
1.928249150514602661e-01
1.762926876544952393e-01
2.118783742189407349e-01
1.955099105834960938e-01
1.817725896835327148e-01
2.012467384338378906e-01
1.896466463804244995e-01
1.858526319265365601e-01
2.103267163038253784e-01
1.931568980216979980e-01
1.869327425956726074e-01
1.921256780624389648e-01
1.850837022066116333e-01
1.921593993902206421e-01
1.966963559389114380e-01
1.998765021562576294e-01
2.077174633741378784e-01
2.198387831449508667e-01
2.114116996526718140e-01
1.885040849447250366e-01
2.217878848314285278e-01
1.891665607690811157e-01
1.991303712129592896e-01
2.240064442157745361e-01
2.103042155504226685e-01
1.857513189315795898e-01
1.901933550834655762e-01
1.889508664608001709e-01
1.871658861637115479e-01
2.042059302330017090e-01
2.097735106945037842e-01
1.747529357671737671e-01
1.889236569404602051e-01
2.012031525373458862e-01
1.996627300977706909e-01
1.976157724857330322e-01
1.842113882303237915e-01
1.804124861955642700e-01
2.223129570484161377e-01
2.012801617383956909e-01
1.871166378259658813e-01
1.984386742115020752e-01
1.800370514392852783e-01
1.744855642318725586e-01
1.873928159475326538e-01
1.927153617143630981e-01
1.885330528020858765e-01
1.851873248815536499e-01
1.833220571279525757e-01
1.704858094453811646e-01
1.882947087287902832e-01
1.936275064945220947e-01
1.964975297451019287e-01
1.857911050319671631e-01
1.997479796409606934e-01
1.891939342021942139e-01
1.834813058376312256e-01
1.898885071277618408e-01
1.932441294193267822e-01
1.897640377283096313e-01
1.873373985290527344e-01
1.954053193330764771e-01
2.135580480098724365e-01
1.838720589876174927e-01
1.963040381669998169e-01
1.974696516990661621e-01
1.899875551462173462e-01
2.156439572572708130e-01
1.855269670486450195e-01
2.172439545392990112e-01
1.919908672571182251e-01
1.920867115259170532e-01
2.204987406730651855e-01
1.825637668371200562e-01
1.897591799497604370e-01
1.905166357755661011e-01
2.116532623767852783e-01
1.842715442180633545e-01
1.860681772232055664e-01
2.072114795446395874e-01
1.823871284723281860e-01
2.055491954088211060e-01
1.773560494184494019e-01
2.009894400835037231e-01
1.910088360309600830e-01
1.844916641712188721e-01
1.724841445684432983e-01
1.864544600248336792e-01
2.339395880699157715e-01
1.992556005716323853e-01
2.063498497009277344e-01
1.958706080913543701e-01
1.838800907135009766e-01
1.845819801092147827e-01
1.951087266206741333e-01
1.922159940004348755e-01
2.052591741085052490e-01
1.895870268344879150e-01
1.868410557508468628e-01
1.874494701623916626e-01
2.016738951206207275e-01
1.886619478464126587e-01
1.910050660371780396e-01
1.870964169502258301e-01
1.956222057342529297e-01
2.197943329811096191e-01
1.888527572154998779e-01
1.896901428699493408e-01
1.841416805982589722e-01
2.032728642225265503e-01
2.155965417623519897e-01
2.002926766872406006e-01
1.832024306058883667e-01
2.142817974090576172e-01
2.197772711515426636e-01
1.901779025793075562e-01
1.821152865886688232e-01
1.800087541341781616e-01
1.920029520988464355e-01
2.083383798599243164e-01
1.908373087644577026e-01
1.897777616977691650e-01
1.744682341814041138e-01
1.921461969614028931e-01
1.845992654561996460e-01
1.819821745157241821e-01
1.743198186159133911e-01
1.841850429773330688e-01
1.942336857318878174e-01
2.119144350290298462e-01
1.910213679075241089e-01
2.038249373435974121e-01
1.875082850456237793e-01
2.040702700614929199e-01
1.953149884939193726e-01
1.990304738283157349e-01
1.797487288713455200e-01
2.078405618667602539e-01
1.685554534196853638e-01
1.913228780031204224e-01
1.820511817932128906e-01
1.799115389585494995e-01
1.690853834152221680e-01
2.007416784763336182e-01
1.860733330249786377e-01
1.903447359800338745e-01
1.692272722721099854e-01
1.893789768218994141e-01
1.883903592824935913e-01
1.914377510547637939e-01
1.865205317735671997e-01
1.681937873363494873e-01
2.082021087408065796e-01
1.865207850933074951e-01
1.893885731697082520e-01
1.765976548194885254e-01
1.952129453420639038e-01
1.771544516086578369e-01
2.163842767477035522e-01
1.817768812179565430e-01
1.768173873424530029e-01
1.820465922355651855e-01
1.881221234798431396e-01
2.085776776075363159e-01
1.692087650299072266e-01
1.930266916751861572e-01
1.986989378929138184e-01
1.918495446443557739e-01
2.146876007318496704e-01
1.822745501995086670e-01
1.925436705350875854e-01
1.745141297578811646e-01
1.765471398830413818e-01
1.792726516723632812e-01
1.943256556987762451e-01
1.890186518430709839e-01
1.886149942874908447e-01
1.716709136962890625e-01
2.060055583715438843e-01
1.703000217676162720e-01
1.718818396329879761e-01
1.930759847164154053e-01
1.907597035169601440e-01
2.138945609331130981e-01
1.866106390953063965e-01
1.856812685728073120e-01
1.954901814460754395e-01
1.834154874086380005e-01
1.965561956167221069e-01
1.873044967651367188e-01
1.894175708293914795e-01
1.883935779333114624e-01
1.979613155126571655e-01
1.929690837860107422e-01
2.017800658941268921e-01
1.819598674774169922e-01
1.855020523071289062e-01
1.856851279735565186e-01
1.932967603206634521e-01
1.984402239322662354e-01
1.748484820127487183e-01
1.842715442180633545e-01
1.896364241838455200e-01
1.846440732479095459e-01
1.821659058332443237e-01
1.794467717409133911e-01
2.097652554512023926e-01
1.857149600982666016e-01
1.844389885663986206e-01
1.809109896421432495e-01
1.824646592140197754e-01
1.829807609319686890e-01
1.889606714248657227e-01
3.207281529903411865e-01
2.868796885013580322e-01
2.406176924705505371e-01
2.297953069210052490e-01
2.645633220672607422e-01
2.238975465297698975e-01
2.222006469964981079e-01
1.960970014333724976e-01
1.955962181091308594e-01
1.893683224916458130e-01
2.128711640834808350e-01
1.773972809314727783e-01
1.856642663478851318e-01
1.910497248172760010e-01
1.889925301074981689e-01
1.904211640357971191e-01
1.781488955020904541e-01
1.843629479408264160e-01
1.915723979473114014e-01
2.038674503564834595e-01
2.062865793704986572e-01
1.956413835287094116e-01
2.115248739719390869e-01
1.875078976154327393e-01
1.855209618806838989e-01
1.788730919361114502e-01
2.150310575962066650e-01
1.812743693590164185e-01
2.080167829990386963e-01
1.754900962114334106e-01
1.875497251749038696e-01
1.949588060379028320e-01
1.812633275985717773e-01
1.679760515689849854e-01
1.832636743783950806e-01
1.843451261520385742e-01
1.692892611026763916e-01
1.958826035261154175e-01
1.689800769090652466e-01
1.735357046127319336e-01
1.872016340494155884e-01
1.881254166364669800e-01
1.648074388504028320e-01
1.839449256658554077e-01
1.762488633394241333e-01
2.044095396995544434e-01
1.940139979124069214e-01
1.901333034038543701e-01
1.930909752845764160e-01
1.683415621519088745e-01
1.886054128408432007e-01
1.927663981914520264e-01
1.676743030548095703e-01
1.691709160804748535e-01
1.834738254547119141e-01
1.654399484395980835e-01
1.780319362878799438e-01
1.852661371231079102e-01
1.700554341077804565e-01
1.837675571441650391e-01
1.970348954200744629e-01
2.120702862739562988e-01
1.858213245868682861e-01
1.908674985170364380e-01
1.879780590534210205e-01
1.920269578695297241e-01
2.103561311960220337e-01
1.839867383241653442e-01
1.696323752403259277e-01
1.675373017787933350e-01
1.884866803884506226e-01
1.922883987426757812e-01
1.845736950635910034e-01
1.806665807962417603e-01
2.075290232896804810e-01
1.831044107675552368e-01
1.801097840070724487e-01
1.952904164791107178e-01
1.889780610799789429e-01
1.902133673429489136e-01
1.856130361557006836e-01
2.059177458286285400e-01
1.799625903367996216e-01
1.870139837265014648e-01
1.833504587411880493e-01
2.042295783758163452e-01
1.907646805047988892e-01
1.986234486103057861e-01
2.012194097042083740e-01
1.888924539089202881e-01
2.015362977981567383e-01
1.851618438959121704e-01
1.955396384000778198e-01
1.866984963417053223e-01
1.886177211999893188e-01
2.056140154600143433e-01
1.841105073690414429e-01
2.099887728691101074e-01
1.878282427787780762e-01
2.112637460231781006e-01
1.883085817098617554e-01
1.794178932905197144e-01
1.927195042371749878e-01
2.046165615320205688e-01
1.895112544298171997e-01
2.189625054597854614e-01
1.995824128389358521e-01
1.887499839067459106e-01
1.687992662191390991e-01
1.798821687698364258e-01
1.724860221147537231e-01
1.905940324068069458e-01
1.852192431688308716e-01
1.875497996807098389e-01
1.902375370264053345e-01
1.816436946392059326e-01
2.133663594722747803e-01
2.108019590377807617e-01
1.716624200344085693e-01
1.762656718492507935e-01
1.743492335081100464e-01
2.005150467157363892e-01
1.898371875286102295e-01
1.734691262245178223e-01
1.771411001682281494e-01
1.891970932483673096e-01
1.889265924692153931e-01
1.740778237581253052e-01
1.818657219409942627e-01
1.826520562171936035e-01
1.936926543712615967e-01
1.870786845684051514e-01
1.961886733770370483e-01
2.002425938844680786e-01
1.815429776906967163e-01
1.701182126998901367e-01
1.873070299625396729e-01
1.941139250993728638e-01
1.758420616388320923e-01
1.881765425205230713e-01
1.847496479749679565e-01
1.829733252525329590e-01
2.136280536651611328e-01
1.975608468055725098e-01
2.039909362792968750e-01
1.841193586587905884e-01
1.901516467332839966e-01
1.839169263839721680e-01
1.841627359390258789e-01
1.788861155509948730e-01
1.877293288707733154e-01
1.917330622673034668e-01
1.894080191850662231e-01
1.775305122137069702e-01
2.054268866777420044e-01
1.904723048210144043e-01
1.964391916990280151e-01
1.914452761411666870e-01
1.931814104318618774e-01
1.807219982147216797e-01
1.741109639406204224e-01
1.939854025840759277e-01
1.978143602609634399e-01
1.878999024629592896e-01
1.789655685424804688e-01
1.896568834781646729e-01
2.192851603031158447e-01
1.721270382404327393e-01
1.934469640254974365e-01
1.894038617610931396e-01
2.109133601188659668e-01
1.798968464136123657e-01
2.036172896623611450e-01
1.920983493328094482e-01
1.793760210275650024e-01
1.729129850864410400e-01
1.753606498241424561e-01
1.790644973516464233e-01
1.867207884788513184e-01
1.809820830821990967e-01
1.847551167011260986e-01
1.760969758033752441e-01
1.837234199047088623e-01
2.018220573663711548e-01
1.874957382678985596e-01
1.641341894865036011e-01
1.932799369096755981e-01
1.844283789396286011e-01
1.849179714918136597e-01
1.935852766036987305e-01
1.757335215806961060e-01
1.823226064443588257e-01
1.678686290979385376e-01
1.958424597978591919e-01
1.735473424196243286e-01
1.720193773508071899e-01
1.802546232938766479e-01
1.804186105728149414e-01
1.888237297534942627e-01
1.786167174577713013e-01
1.847473978996276855e-01
2.137632071971893311e-01
1.868528872728347778e-01
2.003129273653030396e-01
1.820481717586517334e-01
1.891583204269409180e-01
1.915447562932968140e-01
1.708890944719314575e-01
1.979134976863861084e-01
1.833677738904953003e-01
1.802454590797424316e-01
1.960940808057785034e-01
1.801568269729614258e-01
1.967892199754714966e-01
1.883912235498428345e-01
1.816395819187164307e-01
1.768854260444641113e-01
1.813143342733383179e-01
1.782774776220321655e-01
1.749322563409805298e-01
1.820282489061355591e-01
2.061748653650283813e-01
1.957498788833618164e-01
1.832171976566314697e-01
1.839778721332550049e-01
1.831774264574050903e-01
1.642924100160598755e-01
1.769002676010131836e-01
1.664738357067108154e-01
1.657551378011703491e-01
1.969310045242309570e-01
1.798598021268844604e-01
1.783518493175506592e-01
1.952847689390182495e-01
2.083946615457534790e-01
1.974370628595352173e-01
1.826763451099395752e-01
1.839541047811508179e-01
1.767471432685852051e-01
1.928441673517227173e-01
2.063280642032623291e-01
1.857717782258987427e-01
1.807192862033843994e-01
1.863503009080886841e-01
1.633028090000152588e-01
1.841945797204971313e-01
1.973616331815719604e-01
1.792300641536712646e-01
1.949996203184127808e-01
1.780004352331161499e-01
2.054944783449172974e-01
1.901895403861999512e-01
1.783651113510131836e-01
1.799723505973815918e-01
1.807618737220764160e-01
1.861277520656585693e-01
1.835895627737045288e-01
1.815515607595443726e-01
2.046977877616882324e-01
1.756140589714050293e-01
1.880192458629608154e-01
1.830347925424575806e-01
1.917691826820373535e-01
1.834445446729660034e-01
1.808677166700363159e-01
1.893293112516403198e-01
1.792807877063751221e-01
1.678276360034942627e-01
1.924090683460235596e-01
1.808409988880157471e-01
1.921065449714660645e-01
1.819656044244766235e-01
2.016928195953369141e-01
1.712908893823623657e-01
1.764081865549087524e-01
1.655099987983703613e-01
2.063115090131759644e-01
1.820827871561050415e-01
1.770863234996795654e-01
1.968212723731994629e-01
1.852024942636489868e-01
1.798547506332397461e-01
1.876162886619567871e-01
1.742765009403228760e-01
1.944124996662139893e-01
2.051185667514801025e-01
1.816789358854293823e-01
1.862709373235702515e-01
1.878182440996170044e-01
1.829729080200195312e-01
1.655827462673187256e-01
1.988339722156524658e-01
1.812698543071746826e-01
1.743717640638351440e-01
1.862172484397888184e-01
1.625912487506866455e-01
1.874953806400299072e-01
1.825848966836929321e-01
1.744255870580673218e-01
1.780993491411209106e-01
1.652763783931732178e-01
1.943002492189407349e-01
2.018075138330459595e-01
1.621533185243606567e-01
1.892128139734268188e-01
1.803088039159774780e-01
1.721907258033752441e-01
1.867311596870422363e-01
1.621688753366470337e-01
1.795438528060913086e-01
1.879039555788040161e-01
1.876453459262847900e-01
1.897230744361877441e-01
1.897202134132385254e-01
1.950998604297637939e-01
1.885656565427780151e-01
1.755126416683197021e-01
1.627785265445709229e-01
1.669393926858901978e-01
1.836379468441009521e-01
2.048951089382171631e-01
1.747524142265319824e-01
1.798719316720962524e-01
1.907403171062469482e-01
1.842375099658966064e-01
2.112995088100433350e-01
2.088313102722167969e-01
1.688625961542129517e-01
1.686068922281265259e-01
2.027571499347686768e-01
2.027870416641235352e-01
1.622519195079803467e-01
1.857680976390838623e-01
1.873555332422256470e-01
2.010045945644378662e-01
1.653172671794891357e-01
1.993215382099151611e-01
1.821071058511734009e-01
1.809151023626327515e-01
2.131321877241134644e-01
1.771710216999053955e-01
1.884547621011734009e-01
1.891175359487533569e-01
1.902623027563095093e-01
1.649883538484573364e-01
1.860138475894927979e-01
1.957112997770309448e-01
1.852536201477050781e-01
1.963297724723815918e-01
1.783408373594284058e-01
1.747853457927703857e-01
1.767122000455856323e-01
1.699772030115127563e-01
1.990219950675964355e-01
1.844121068716049194e-01
1.809606999158859253e-01
1.726913452148437500e-01
1.799504309892654419e-01
1.788994967937469482e-01
1.738942861557006836e-01
1.634260714054107666e-01
1.782647967338562012e-01
1.687779128551483154e-01
1.633225530385971069e-01
1.720460951328277588e-01
1.819397360086441040e-01
1.856352388858795166e-01
1.886170804500579834e-01
1.749029457569122314e-01
1.709840744733810425e-01
1.856907755136489868e-01
1.767816096544265747e-01
1.862153112888336182e-01
2.001553028821945190e-01
1.780573427677154541e-01
1.800897419452667236e-01
1.830664873123168945e-01
1.828215420246124268e-01
1.833768486976623535e-01
1.820399016141891479e-01
1.800796836614608765e-01
1.964751034975051880e-01
1.711757481098175049e-01
1.793010830879211426e-01
2.046088576316833496e-01
1.787139028310775757e-01
1.785708963871002197e-01
1.789619326591491699e-01
1.754515916109085083e-01
1.834496110677719116e-01
1.714151501655578613e-01
1.864758878946304321e-01
1.918401569128036499e-01
1.793094724416732788e-01
1.775627285242080688e-01
1.978162676095962524e-01
1.797916591167449951e-01
1.686795502901077271e-01
2.042682915925979614e-01
1.787526309490203857e-01
2.074230909347534180e-01
1.890689432621002197e-01
1.734905391931533813e-01
2.052312940359115601e-01
1.664174199104309082e-01
1.775949746370315552e-01
2.020626664161682129e-01
1.859712153673171997e-01
1.784062385559082031e-01
1.847785711288452148e-01
2.089785933494567871e-01
1.681685447692871094e-01
2.014026492834091187e-01
1.655761301517486572e-01
1.862690746784210205e-01
1.817606836557388306e-01
2.113652080297470093e-01
2.030525803565979004e-01
1.629983186721801758e-01
1.937341690063476562e-01
1.833859980106353760e-01
1.600937545299530029e-01
1.794690787792205811e-01
1.655136793851852417e-01
1.605294644832611084e-01
1.905826032161712646e-01
1.846028566360473633e-01
1.822764277458190918e-01
1.829829066991806030e-01
1.786847114562988281e-01
1.732244193553924561e-01
1.825542002916336060e-01
1.818753778934478760e-01
1.864207684993743896e-01
1.850390285253524780e-01
1.776006966829299927e-01
1.765861213207244873e-01
1.922035068273544312e-01
1.823399215936660767e-01
1.860637366771697998e-01
1.666388660669326782e-01
1.786918044090270996e-01
1.851578056812286377e-01
1.690664291381835938e-01
1.841484010219573975e-01
1.665076613426208496e-01
1.800004690885543823e-01
1.929360330104827881e-01
1.789054721593856812e-01
1.837907433509826660e-01
1.741523295640945435e-01
1.766753643751144409e-01
1.788664609193801880e-01
1.985736638307571411e-01
1.881702989339828491e-01
1.615608483552932739e-01
1.804975867271423340e-01
1.845014542341232300e-01
1.713885068893432617e-01
1.822272688150405884e-01
1.781894117593765259e-01
1.828364133834838867e-01
1.832383424043655396e-01
1.775156259536743164e-01
1.779161840677261353e-01
1.694336235523223877e-01
1.860817074775695801e-01
1.928053349256515503e-01
1.793949753046035767e-01
1.813207715749740601e-01
1.863584071397781372e-01
1.776834875345230103e-01
1.765364259481430054e-01
1.813609451055526733e-01
1.842831820249557495e-01
1.959709078073501587e-01
1.593874990940093994e-01
1.858714371919631958e-01
1.831007599830627441e-01
1.682586520910263062e-01
1.810674220323562622e-01
1.850651353597640991e-01
1.784609705209732056e-01
1.949595063924789429e-01
1.823418289422988892e-01
1.753055602312088013e-01
1.845930814743041992e-01
1.883646696805953979e-01
1.731463074684143066e-01
1.774139106273651123e-01
1.801558136940002441e-01
1.958733499050140381e-01
1.746266484260559082e-01
1.703651100397109985e-01
1.939265877008438110e-01
1.811046153306961060e-01
1.764395236968994141e-01
1.928333789110183716e-01
1.632799208164215088e-01
1.783725023269653320e-01
2.041265666484832764e-01
1.899718493223190308e-01
1.760956496000289917e-01
1.813559830188751221e-01
1.669738888740539551e-01
1.643293797969818115e-01
1.748065799474716187e-01
1.884451806545257568e-01
1.911412179470062256e-01
1.837434023618698120e-01
1.784729361534118652e-01
1.777618229389190674e-01
1.824464052915573120e-01
1.917221248149871826e-01
1.757896989583969116e-01
2.046698033809661865e-01
1.776899844408035278e-01
1.749661564826965332e-01
1.848562061786651611e-01
1.786706149578094482e-01
1.616986095905303955e-01
2.058049887418746948e-01
1.778009980916976929e-01
1.787651926279067993e-01
1.866520792245864868e-01
1.791202425956726074e-01
1.774892359972000122e-01
1.800704896450042725e-01
1.984812319278717041e-01
1.781418770551681519e-01
2.034458220005035400e-01
2.038834840059280396e-01
1.846636235713958740e-01
1.798593550920486450e-01
1.740610748529434204e-01
1.752023845911026001e-01
1.868209689855575562e-01
1.781260520219802856e-01
1.789905577898025513e-01
1.997206509113311768e-01
1.995519399642944336e-01
1.695533394813537598e-01
1.811353564262390137e-01
1.783248484134674072e-01
2.018394619226455688e-01
1.762057989835739136e-01
2.162436693906784058e-01
1.729539781808853149e-01
1.774339377880096436e-01
1.774931848049163818e-01
1.804788410663604736e-01
1.616286188364028931e-01
1.767054051160812378e-01
1.735050827264785767e-01
1.781281828880310059e-01
1.885475814342498779e-01
1.862601339817047119e-01
1.924992650747299194e-01
1.784136593341827393e-01
1.846314221620559692e-01
1.828043758869171143e-01
1.652438193559646606e-01
1.763082295656204224e-01
1.823398470878601074e-01
1.777009367942810059e-01
1.647755652666091919e-01
1.971694529056549072e-01
1.812869757413864136e-01
2.164799869060516357e-01
1.959125995635986328e-01
1.739225387573242188e-01
1.768543124198913574e-01
1.878835856914520264e-01
1.728208363056182861e-01
2.079230397939682007e-01
1.981976032257080078e-01
1.854184716939926147e-01
1.792827695608139038e-01
1.605586260557174683e-01
1.908028572797775269e-01
1.651384681463241577e-01
1.845240145921707153e-01
2.064280658960342407e-01
1.995679885149002075e-01
1.801248192787170410e-01
1.739986538887023926e-01
1.818139404058456421e-01
1.837946176528930664e-01
1.863515228033065796e-01
1.830693334341049194e-01
1.815467923879623413e-01
1.778106987476348877e-01
1.853897720575332642e-01
1.853235512971878052e-01
1.816001236438751221e-01
1.785146147012710571e-01
1.865936964750289917e-01
1.964555531740188599e-01
1.764553040266036987e-01
1.818865537643432617e-01
1.838150322437286377e-01
1.756626814603805542e-01
1.998905241489410400e-01
1.930009573698043823e-01
1.830814331769943237e-01
1.851192861795425415e-01
1.830768287181854248e-01
1.829459518194198608e-01
1.740880757570266724e-01
1.985740214586257935e-01
1.885920763015747070e-01
1.780249178409576416e-01
1.632209569215774536e-01
1.746829003095626831e-01
1.949967741966247559e-01
1.982471793889999390e-01
1.992930471897125244e-01
1.872283965349197388e-01
1.767919212579727173e-01
1.688214391469955444e-01
2.023290991783142090e-01
1.760209351778030396e-01
1.861486136913299561e-01
1.804135292768478394e-01
1.787216216325759888e-01
1.896993219852447510e-01
1.940779089927673340e-01
1.788643151521682739e-01
1.844876259565353394e-01
1.875547021627426147e-01
1.983813643455505371e-01
1.814510971307754517e-01
1.744634807109832764e-01
1.642113029956817627e-01
1.726686954498291016e-01
1.801713407039642334e-01
1.786712259054183960e-01
1.907472759485244751e-01
1.856992244720458984e-01
1.850835680961608887e-01
1.817924678325653076e-01
2.054595351219177246e-01
1.806164979934692383e-01
1.796533912420272827e-01
1.847499758005142212e-01
1.848063319921493530e-01
1.822019815444946289e-01
1.869249194860458374e-01
1.969608515501022339e-01
1.764705777168273926e-01
1.814849823713302612e-01
1.772278100252151489e-01
1.970746517181396484e-01
1.792915612459182739e-01
1.877263784408569336e-01
1.840575635433197021e-01
1.847639530897140503e-01
1.911784112453460693e-01
1.793233603239059448e-01
1.704485714435577393e-01
1.726413369178771973e-01
1.735060960054397583e-01
1.784290224313735962e-01
1.610516905784606934e-01
2.072192132472991943e-01
1.839681416749954224e-01
2.068958133459091187e-01
1.999643743038177490e-01
1.792111098766326904e-01
1.701623350381851196e-01
1.722449958324432373e-01
1.617600619792938232e-01
1.768638193607330322e-01
1.702605336904525757e-01
1.827917546033859253e-01
1.793632656335830688e-01
1.745252907276153564e-01
1.789979189634323120e-01
1.790497899055480957e-01
1.831863522529602051e-01
2.040834277868270874e-01
2.012910991907119751e-01
1.746065020561218262e-01
1.788653135299682617e-01
1.761661022901535034e-01
1.749478876590728760e-01
1.922797411680221558e-01
1.667442768812179565e-01
2.068236023187637329e-01
1.752444952726364136e-01
1.717602312564849854e-01
1.822314709424972534e-01
1.768547892570495605e-01
1.760115921497344971e-01
1.790718734264373779e-01
1.684114485979080200e-01
1.732561588287353516e-01
1.937465220689773560e-01
1.715646088123321533e-01
2.074211835861206055e-01
1.975020915269851685e-01
1.801840215921401978e-01
1.802108883857727051e-01
1.842363476753234863e-01
1.880063265562057495e-01
1.766149848699569702e-01
1.957556009292602539e-01
1.740023791790008545e-01
1.749750822782516479e-01
1.997782438993453979e-01
1.654248684644699097e-01
1.803636848926544189e-01
2.004463672637939453e-01
1.766386777162551880e-01
1.701787710189819336e-01
1.653403192758560181e-01
1.992366760969161987e-01
1.814061850309371948e-01
1.739777326583862305e-01
1.948463767766952515e-01
1.811783164739608765e-01
1.703819781541824341e-01
1.765919327735900879e-01
1.609051823616027832e-01
1.871015280485153198e-01
1.785320937633514404e-01
1.666736900806427002e-01
1.639803349971771240e-01
1.875833421945571899e-01
1.752947419881820679e-01
1.925555914640426636e-01
1.872280240058898926e-01
1.890356987714767456e-01
1.975638717412948608e-01
1.835524439811706543e-01
1.795653849840164185e-01
1.817388236522674561e-01
1.966208517551422119e-01
1.615308374166488647e-01
1.735628396272659302e-01
1.798709630966186523e-01
1.638821661472320557e-01
1.736179888248443604e-01
1.689201593399047852e-01
1.712469458580017090e-01
1.809620857238769531e-01
1.732458174228668213e-01
1.790199279785156250e-01
1.802394539117813110e-01
1.831466108560562134e-01
1.619726270437240601e-01
1.693717837333679199e-01
1.986628472805023193e-01
1.740245968103408813e-01
2.002665996551513672e-01
1.751384139060974121e-01
1.786586195230484009e-01
1.882380247116088867e-01
1.792713552713394165e-01
1.586435139179229736e-01
1.688793748617172241e-01
2.056694626808166504e-01
1.945544183254241943e-01
1.769287586212158203e-01
1.794060319662094116e-01
1.616138815879821777e-01
1.655178219079971313e-01
1.882475018501281738e-01
