7.021912336349487305e-01
7.242803573608398438e-01
6.687415838241577148e-01
6.876822113990783691e-01
6.652979850769042969e-01
6.798845529556274414e-01
6.769482493400573730e-01
6.494731307029724121e-01
6.287232041358947754e-01
6.394066214561462402e-01
6.336259245872497559e-01
6.574242711067199707e-01
6.863387823104858398e-01
7.061725258827209473e-01
7.164870500564575195e-01
6.597033739089965820e-01
7.051631212234497070e-01
6.969497799873352051e-01
6.571716070175170898e-01
6.406541466712951660e-01
6.338384151458740234e-01
6.329963207244873047e-01
6.140850186347961426e-01
5.703638792037963867e-01
6.638816595077514648e-01
6.491141319274902344e-01
5.747637152671813965e-01
5.645546913146972656e-01
6.092453002929687500e-01
6.228851675987243652e-01
5.555387139320373535e-01
6.250002980232238770e-01
5.606760382652282715e-01
6.004074811935424805e-01
5.164290666580200195e-01
5.291093587875366211e-01
5.354369282722473145e-01
5.449758172035217285e-01
5.072663426399230957e-01
4.830418527126312256e-01
4.868934154510498047e-01
4.848395287990570068e-01
4.996476173400878906e-01
4.662570059299468994e-01
5.226477384567260742e-01
5.015238523483276367e-01
4.845350980758666992e-01
4.898770451545715332e-01
4.749130606651306152e-01
5.031569004058837891e-01
4.839231371879577637e-01
4.492594301700592041e-01
4.950911700725555420e-01
4.554933905601501465e-01
4.700151085853576660e-01
4.711747169494628906e-01
4.592049121856689453e-01
4.324815869331359863e-01
4.865694940090179443e-01
4.712823331356048584e-01
4.287183284759521484e-01
4.300559163093566895e-01
4.159288406372070312e-01
4.218279719352722168e-01
4.866320788860321045e-01
4.184240698814392090e-01
4.228363931179046631e-01
4.506412744522094727e-01
4.385928511619567871e-01
4.749096035957336426e-01
4.084033668041229248e-01
4.477923512458801270e-01
3.985178768634796143e-01
4.139660000801086426e-01
4.485256373882293701e-01
4.001132249832153320e-01
4.437072873115539551e-01
4.277337491512298584e-01
4.042756259441375732e-01
3.941326141357421875e-01
3.930768668651580811e-01
3.785793185234069824e-01
4.008601307868957520e-01
3.680681586265563965e-01
3.816113173961639404e-01
4.184352457523345947e-01
3.891294896602630615e-01
3.884175419807434082e-01
4.408488869667053223e-01
3.785314857959747314e-01
3.728837668895721436e-01
4.000209569931030273e-01
3.701928853988647461e-01
3.658737838268280029e-01
4.299634695053100586e-01
3.759462535381317139e-01
3.625974953174591064e-01
3.510056138038635254e-01
3.661454319953918457e-01
3.487748503684997559e-01
3.991170823574066162e-01
4.154355823993682861e-01
3.441476523876190186e-01
4.157507717609405518e-01
4.117014110088348389e-01
3.649865388870239258e-01
3.642056882381439209e-01
3.746205866336822510e-01
3.752267956733703613e-01
3.529126346111297607e-01
3.472784459590911865e-01
4.018107652664184570e-01
3.600166440010070801e-01
3.494006395339965820e-01
3.448743224143981934e-01
3.441210091114044189e-01
3.113479912281036377e-01
3.577907681465148926e-01
3.926431536674499512e-01
3.413127958774566650e-01
3.307352066040039062e-01
3.856413066387176514e-01
2.965585887432098389e-01
3.743329942226409912e-01
3.262898027896881104e-01
3.614399433135986328e-01
3.060423731803894043e-01
3.464078605175018311e-01
3.440474271774291992e-01
3.129265606403350830e-01
2.985844910144805908e-01
2.918429076671600342e-01
2.909746766090393066e-01
3.518294095993041992e-01
3.106637299060821533e-01
3.136138617992401123e-01
3.656519949436187744e-01
3.225364685058593750e-01
3.085535466670989990e-01
3.246235847473144531e-01
3.618820905685424805e-01
3.403649628162384033e-01
3.248012661933898926e-01
3.377940654754638672e-01
3.329807221889495850e-01
3.322032690048217773e-01
2.890262603759765625e-01
3.635633885860443115e-01
3.413116335868835449e-01
2.823152840137481689e-01
3.013732433319091797e-01
3.121344149112701416e-01
3.222080767154693604e-01
3.025143146514892578e-01
3.481065630912780762e-01
2.999846935272216797e-01
3.139530420303344727e-01
3.284443914890289307e-01
3.321022391319274902e-01
3.200960755348205566e-01
2.947154939174652100e-01
3.132450878620147705e-01
3.524025380611419678e-01
3.068374395370483398e-01
3.618208467960357666e-01
3.110402822494506836e-01
3.185099065303802490e-01
2.955082356929779053e-01
2.743411362171173096e-01
3.013371825218200684e-01
3.549217879772186279e-01
3.116227984428405762e-01
3.525140285491943359e-01
3.071955740451812744e-01
3.062934875488281250e-01
3.507306277751922607e-01
3.025067746639251709e-01
2.889685034751892090e-01
3.455021083354949951e-01
3.579201698303222656e-01
2.957727909088134766e-01
2.561672627925872803e-01
3.442704379558563232e-01
3.062036931514739990e-01
3.048152327537536621e-01
3.331599235534667969e-01
3.318139612674713135e-01
2.952719330787658691e-01
2.959749996662139893e-01
3.022854626178741455e-01
2.677625119686126709e-01
2.769402265548706055e-01
2.752526700496673584e-01
3.356656730175018311e-01
2.894079983234405518e-01
2.759081125259399414e-01
2.978309094905853271e-01
2.758085131645202637e-01
2.685226500034332275e-01
3.323897421360015869e-01
2.851751148700714111e-01
2.755299508571624756e-01
2.874291241168975830e-01
2.907510995864868164e-01
2.852754890918731689e-01
2.434007823467254639e-01
3.237748146057128906e-01
3.205388188362121582e-01
2.832860648632049561e-01
2.426021695137023926e-01
2.620906829833984375e-01
3.199039101600646973e-01
2.646138370037078857e-01
3.238661289215087891e-01
3.038972914218902588e-01
2.580170035362243652e-01
2.611429691314697266e-01
2.927716374397277832e-01
3.163535594940185547e-01
2.658421397209167480e-01
3.158361315727233887e-01
2.732161581516265869e-01
2.630952894687652588e-01
2.594704031944274902e-01
2.566946744918823242e-01
2.663342654705047607e-01
2.651313245296478271e-01
3.042848706245422363e-01
2.578453123569488525e-01
2.720842659473419189e-01
2.209340482950210571e-01
2.311592400074005127e-01
2.726504504680633545e-01
2.657332420349121094e-01
2.548927366733551025e-01
2.190055102109909058e-01
2.682653069496154785e-01
2.761797606945037842e-01
2.441719025373458862e-01
2.292005866765975952e-01
2.425150424242019653e-01
2.557643055915832520e-01
2.945913970470428467e-01
2.525463700294494629e-01
2.226461768150329590e-01
2.655121088027954102e-01
2.532497048377990723e-01
2.603933215141296387e-01
2.951954603195190430e-01
2.547146081924438477e-01
2.590730190277099609e-01
2.417360246181488037e-01
2.373726069927215576e-01
2.681594192981719971e-01
2.576167881488800049e-01
2.901990413665771484e-01
2.481957972049713135e-01
2.602705657482147217e-01
2.467398494482040405e-01
2.247071117162704468e-01
2.151311784982681274e-01
2.352686226367950439e-01
2.939446270465850830e-01
2.567787766456604004e-01
2.865925729274749756e-01
2.488427162170410156e-01
2.279011905193328857e-01
2.307186871767044067e-01
2.874689400196075439e-01
2.593807578086853027e-01
2.285649478435516357e-01
2.442363649606704712e-01
2.583879530429840088e-01
2.778624296188354492e-01
2.961210012435913086e-01
2.535479068756103516e-01
2.346493303775787354e-01
2.060632109642028809e-01
2.316133081912994385e-01
2.590678632259368896e-01
2.405668646097183228e-01
2.443072795867919922e-01
2.918479144573211670e-01
2.353289872407913208e-01
2.076478004455566406e-01
2.348593026399612427e-01
2.652015686035156250e-01
2.928789556026458740e-01
2.395876348018646240e-01
2.468692809343338013e-01
2.372315078973770142e-01
2.431494742631912231e-01
2.249860912561416626e-01
2.773564755916595459e-01
2.408791631460189819e-01
2.827657461166381836e-01
2.526153922080993652e-01
2.611890435218811035e-01
2.711365222930908203e-01
2.683049440383911133e-01
2.670116126537322998e-01
2.030223011970520020e-01
2.427230030298233032e-01
2.348021715879440308e-01
2.700851261615753174e-01
2.352334260940551758e-01
2.296492904424667358e-01
2.495032995939254761e-01
2.379383295774459839e-01
2.848541438579559326e-01
2.281595468521118164e-01
2.277916818857192993e-01
2.474343329668045044e-01
2.252139151096343994e-01
2.724645137786865234e-01
2.026104927062988281e-01
2.486943751573562622e-01
2.651837766170501709e-01
2.449184209108352661e-01
2.700496912002563477e-01
2.266780138015747070e-01
2.421255260705947876e-01
2.085478752851486206e-01
2.734114527702331543e-01
2.390435189008712769e-01
2.242652326822280884e-01
2.375230640172958374e-01
1.953326463699340820e-01
2.242120057344436646e-01
2.729085385799407959e-01
2.620589137077331543e-01
2.225556969642639160e-01
2.593102455139160156e-01
2.625321745872497559e-01
2.380221188068389893e-01
2.240821570158004761e-01
2.432419359683990479e-01
2.754744887351989746e-01
1.909739375114440918e-01
2.537339925765991211e-01
2.274519801139831543e-01
2.676128149032592773e-01
2.273611128330230713e-01
2.090260982513427734e-01
2.379365563392639160e-01
2.476511597633361816e-01
2.352317720651626587e-01
2.259209007024765015e-01
2.137306481599807739e-01
2.251636534929275513e-01
1.959077417850494385e-01
2.352966666221618652e-01
2.168203890323638916e-01
2.257755547761917114e-01
2.228104621171951294e-01
2.326324284076690674e-01
2.125968635082244873e-01
2.351613640785217285e-01
2.236637622117996216e-01
2.042844891548156738e-01
2.248489856719970703e-01
2.197269052267074585e-01
2.178982049226760864e-01
2.191065996885299683e-01
2.230740785598754883e-01
2.350858300924301147e-01
2.623851001262664795e-01
2.182498276233673096e-01
2.220350652933120728e-01
2.362310588359832764e-01
2.358275949954986572e-01
2.199203819036483765e-01
2.275763005018234253e-01
2.473166733980178833e-01
2.234457731246948242e-01
2.200633883476257324e-01
2.169651538133621216e-01
2.202208936214447021e-01
2.229449450969696045e-01
2.235924154520034790e-01
2.164930701255798340e-01
2.185152024030685425e-01
2.278627902269363403e-01
2.064575254917144775e-01
2.208638042211532593e-01
2.177907973527908325e-01
2.151238620281219482e-01
2.256875187158584595e-01
2.356594204902648926e-01
2.257093042135238647e-01
2.287067174911499023e-01
2.201075106859207153e-01
2.582213282585144043e-01
2.294717282056808472e-01
1.977030336856842041e-01
2.133301645517349243e-01
1.919028460979461670e-01
2.265191674232482910e-01
1.918608397245407104e-01
2.165562361478805542e-01
2.198531627655029297e-01
2.105072736740112305e-01
2.623147070407867432e-01
2.172069102525711060e-01
2.083285897970199585e-01
2.134038358926773071e-01
2.164823561906814575e-01
2.224144041538238525e-01
2.137626558542251587e-01
2.466818690299987793e-01
2.133915722370147705e-01
2.139978110790252686e-01
1.945355087518692017e-01
2.088263183832168579e-01
2.383920401334762573e-01
2.268706411123275757e-01
2.515093386173248291e-01
2.179723083972930908e-01
2.066463530063629150e-01
2.114204913377761841e-01
2.487594634294509888e-01
1.849917173385620117e-01
2.158036679029464722e-01
1.871664375066757202e-01
2.243409305810928345e-01
2.022973299026489258e-01
2.007290273904800415e-01
2.020647227764129639e-01
2.114718407392501831e-01
1.826691478490829468e-01
2.161321938037872314e-01
1.860348582267761230e-01
2.190794348716735840e-01
1.921057105064392090e-01
2.187598049640655518e-01
2.188436388969421387e-01
2.148034423589706421e-01
2.017729431390762329e-01
1.923069059848785400e-01
2.508080899715423584e-01
1.817190945148468018e-01
2.062111198902130127e-01
2.251486480236053467e-01
2.121256440877914429e-01
2.138734757900238037e-01
2.409563660621643066e-01
2.144562005996704102e-01
2.177935838699340820e-01
2.393590807914733887e-01
2.111348360776901245e-01
2.112265974283218384e-01
1.881731301546096802e-01
1.837750524282455444e-01
2.321849912405014038e-01
2.144290506839752197e-01
2.206207364797592163e-01
2.015489637851715088e-01
1.851332336664199829e-01
2.118836641311645508e-01
1.926067918539047241e-01
2.179803997278213501e-01
2.133579701185226440e-01
2.242409437894821167e-01
2.117254287004470825e-01
2.272793054580688477e-01
2.067464888095855713e-01
2.180970460176467896e-01
2.390163391828536987e-01
2.171773463487625122e-01
2.029215544462203979e-01
2.116360366344451904e-01
2.168931961059570312e-01
2.121256291866302490e-01
2.079914361238479614e-01
2.023205608129501343e-01
2.158835381269454956e-01
2.109943628311157227e-01
2.225791662931442261e-01
2.104159742593765259e-01
2.130015939474105835e-01
2.387118190526962280e-01
2.057280093431472778e-01
2.029170989990234375e-01
1.976003944873809814e-01
2.219101190567016602e-01
2.265084534883499146e-01
2.130438834428787231e-01
2.024621218442916870e-01
1.829167157411575317e-01
2.101135998964309692e-01
1.812410354614257812e-01
2.448228001594543457e-01
2.127855718135833740e-01
2.002361267805099487e-01
2.386607527732849121e-01
2.459110766649246216e-01
2.054585367441177368e-01
2.131413370370864868e-01
2.049790173768997192e-01
2.300052195787429810e-01
2.046803236007690430e-01
2.357792109251022339e-01
2.052656710147857666e-01
2.090959101915359497e-01
1.852691918611526489e-01
2.064835876226425171e-01
2.054506093263626099e-01
2.128886729478836060e-01
1.837527900934219360e-01
2.009739726781845093e-01
2.156487107276916504e-01
2.179834246635437012e-01
2.093100398778915405e-01
1.974072605371475220e-01
2.079389691352844238e-01
1.823006272315979004e-01
2.058138847351074219e-01
2.098086029291152954e-01
1.968210190534591675e-01
2.090323865413665771e-01
2.104953676462173462e-01
2.344727963209152222e-01
2.012517154216766357e-01
2.083752006292343140e-01
1.781871169805526733e-01
2.093318700790405273e-01
2.095605283975601196e-01
2.190081626176834106e-01
1.780777722597122192e-01
2.012237757444381714e-01
2.045146673917770386e-01
2.033276259899139404e-01
2.398814707994461060e-01
2.039875239133834839e-01
2.394857257604598999e-01
2.055818885564804077e-01
1.991707682609558105e-01
1.960939019918441772e-01
2.022388726472854614e-01
1.916099339723587036e-01
2.067406028509140015e-01
1.995481252670288086e-01
2.011027187108993530e-01
2.054434418678283691e-01
2.099199891090393066e-01
2.115123420953750610e-01
1.975720673799514771e-01
1.986426562070846558e-01
2.012310326099395752e-01
2.464613169431686401e-01
2.058751285076141357e-01
1.786349713802337646e-01
1.963032633066177368e-01
1.979458034038543701e-01
1.991099566221237183e-01
1.787973791360855103e-01
2.066645473241806030e-01
2.076520770788192749e-01
2.026834040880203247e-01
2.510325312614440918e-01
2.062242776155471802e-01
2.014519721269607544e-01
2.008554786443710327e-01
1.988849341869354248e-01
2.371435761451721191e-01
2.007093131542205811e-01
1.991995573043823242e-01
2.068788558244705200e-01
2.058543264865875244e-01
2.227433621883392334e-01
2.109539061784744263e-01
2.000618427991867065e-01
1.786833256483078003e-01
1.961100846529006958e-01
2.047446668148040771e-01
2.104386091232299805e-01
2.172605693340301514e-01
1.820209920406341553e-01
2.276271432638168335e-01
2.027116715908050537e-01
1.808598190546035767e-01
2.110882699489593506e-01
2.002216428518295288e-01
2.268887311220169067e-01
2.087791264057159424e-01
1.979092061519622803e-01
1.835757195949554443e-01
1.771964728832244873e-01
2.285274863243103027e-01
2.053006291389465332e-01
1.947844475507736206e-01
2.057536989450454712e-01
1.749397367238998413e-01
2.084562033414840698e-01
1.946730464696884155e-01
2.004273086786270142e-01
2.031813859939575195e-01
2.309970855712890625e-01
1.907197386026382446e-01
2.085016816854476929e-01
1.976442784070968628e-01
1.978713870048522949e-01
1.907232701778411865e-01
2.001474648714065552e-01
1.953055113554000854e-01
1.999526172876358032e-01
1.874762922525405884e-01
1.778845489025115967e-01
1.930003762245178223e-01
1.912374198436737061e-01
2.369672209024429321e-01
1.937826424837112427e-01
2.305056899785995483e-01
1.749828308820724487e-01
2.196706086397171021e-01
1.970158219337463379e-01
1.965339332818984985e-01
1.761461943387985229e-01
2.065314948558807373e-01
2.076388299465179443e-01
1.987230926752090454e-01
2.334949970245361328e-01
1.760726720094680786e-01
2.285188734531402588e-01
2.050406634807586670e-01
1.937556713819503784e-01
2.260755598545074463e-01
2.273383885622024536e-01
1.903425008058547974e-01
1.968952566385269165e-01
2.023186683654785156e-01
2.050665020942687988e-01
1.928502917289733887e-01
2.068455815315246582e-01
1.957454234361648560e-01
2.037386745214462280e-01
1.927262246608734131e-01
2.144677191972732544e-01
1.857627034187316895e-01
1.899431496858596802e-01
1.930775195360183716e-01
2.091608941555023193e-01
2.024743705987930298e-01
2.004193663597106934e-01
1.746877729892730713e-01
1.916689872741699219e-01
1.934690624475479126e-01
2.106651663780212402e-01
2.083602100610733032e-01
1.965110450983047485e-01
1.764560192823410034e-01
1.929864883422851562e-01
2.215038239955902100e-01
2.361208349466323853e-01
1.697618365287780762e-01
1.969623565673828125e-01
1.746677458286285400e-01
1.965267211198806763e-01
1.945175975561141968e-01
1.792609095573425293e-01
1.777707040309906006e-01
1.923564076423645020e-01
2.271260917186737061e-01
1.877425163984298706e-01
1.898469477891921997e-01
1.964257955551147461e-01
1.969051510095596313e-01
2.083501517772674561e-01
1.998465955257415771e-01
1.933206170797348022e-01
2.177717983722686768e-01
1.741088479757308960e-01
1.735213547945022583e-01
2.133315354585647583e-01
1.992253363132476807e-01
1.774867177009582520e-01
1.867623925209045410e-01
2.037617415189743042e-01
1.944143027067184448e-01
1.874006837606430054e-01
2.294413447380065918e-01
2.127867639064788818e-01
1.912896633148193359e-01
1.978505700826644897e-01
2.134944498538970947e-01
2.195604294538497925e-01
2.071021944284439087e-01
2.080337554216384888e-01
2.300576269626617432e-01
1.896206736564636230e-01
1.981796175241470337e-01
1.965624243021011353e-01
1.900514811277389526e-01
1.991214752197265625e-01
1.951920241117477417e-01
2.023885101079940796e-01
2.008243501186370850e-01
1.828377991914749146e-01
1.957955658435821533e-01
1.767830699682235718e-01
2.181141078472137451e-01
1.992349326610565186e-01
1.829318851232528687e-01
1.998030245304107666e-01
1.944330036640167236e-01
2.089958935976028442e-01
1.904585510492324829e-01
1.972765624523162842e-01
1.818382740020751953e-01
1.967246681451797485e-01
2.146614640951156616e-01
1.978647708892822266e-01
2.041892409324645996e-01
1.737847477197647095e-01
1.901590526103973389e-01
1.849805712699890137e-01
1.876223534345626831e-01
1.820718050003051758e-01
2.172524183988571167e-01
2.241524159908294678e-01
1.970208138227462769e-01
2.233069390058517456e-01
1.972961574792861938e-01
1.763073354959487915e-01
1.882403939962387085e-01
1.874253749847412109e-01
1.712463796138763428e-01
1.946236193180084229e-01
2.181480824947357178e-01
2.185055464506149292e-01
1.823657900094985962e-01
1.899406164884567261e-01
1.980653852224349976e-01
2.256007194519042969e-01
2.196559607982635498e-01
1.907261759042739868e-01
1.917946189641952515e-01
1.852015703916549683e-01
1.774734407663345337e-01
1.933209598064422607e-01
2.091084271669387817e-01
1.754941940307617188e-01
2.187799066305160522e-01
1.991600841283798218e-01
1.919481903314590454e-01
1.894754767417907715e-01
2.019216567277908325e-01
1.894575506448745728e-01
1.910218298435211182e-01
1.882645636796951294e-01
1.964687556028366089e-01
1.937164813280105591e-01
1.972428858280181885e-01
2.155864089727401733e-01
1.631961315870285034e-01
1.903014928102493286e-01
1.971942484378814697e-01
2.159794121980667114e-01
1.850141435861587524e-01
1.657172292470932007e-01
1.964617520570755005e-01
2.176535129547119141e-01
2.041278034448623657e-01
1.792257726192474365e-01
2.098803520202636719e-01
1.904390156269073486e-01
1.958507150411605835e-01
1.878767311573028564e-01
2.005666792392730713e-01
1.903524249792098999e-01
1.903924047946929932e-01
2.024402618408203125e-01
2.037376761436462402e-01
1.965538859367370605e-01
1.862649470567703247e-01
1.731510907411575317e-01
1.849285066127777100e-01
1.878355294466018677e-01
2.109548747539520264e-01
2.249046415090560913e-01
2.168018370866775513e-01
1.832775473594665527e-01
1.928297728300094604e-01
2.005903869867324829e-01
1.670932620763778687e-01
1.806756705045700073e-01
1.913617253303527832e-01
2.126623094081878662e-01
1.879131644964218140e-01
1.780777722597122192e-01
1.772277504205703735e-01
1.910694688558578491e-01
1.933638900518417358e-01
1.855996102094650269e-01
1.927799433469772339e-01
1.867812573909759521e-01
1.633622199296951294e-01
1.673029959201812744e-01
2.043748646974563599e-01
1.682328134775161743e-01
2.027683109045028687e-01
1.938964724540710449e-01
1.879512518644332886e-01
1.845536530017852783e-01
1.902209073305130005e-01
1.927829980850219727e-01
1.914115250110626221e-01
1.952517032623291016e-01
1.910062432289123535e-01
1.956546306610107422e-01
1.969216912984848022e-01
2.022980302572250366e-01
1.941610276699066162e-01
1.832466572523117065e-01
2.090466916561126709e-01
2.158949971199035645e-01
1.954731047153472900e-01
2.136934697628021240e-01
2.156705260276794434e-01
2.131747156381607056e-01
1.826793104410171509e-01
2.143991589546203613e-01
1.676774173974990845e-01
1.857830733060836792e-01
1.783607006072998047e-01
1.899536252021789551e-01
1.909220218658447266e-01
2.258229553699493408e-01
1.720055192708969116e-01
1.926482915878295898e-01
1.995387971401214600e-01
1.913993805646896362e-01
2.028881460428237915e-01
2.092504650354385376e-01
1.931348443031311035e-01
1.910457462072372437e-01
1.669188290834426880e-01
1.976166516542434692e-01
1.820649057626724243e-01
1.930910050868988037e-01
1.910299211740493774e-01
1.958971023559570312e-01
1.921444237232208252e-01
2.032205611467361450e-01
1.907481700181961060e-01
1.792196631431579590e-01
1.887555718421936035e-01
1.954917907714843750e-01
1.653912067413330078e-01
1.897705793380737305e-01
1.963667571544647217e-01
1.865473985671997070e-01
1.935900896787643433e-01
1.906085908412933350e-01
1.858098804950714111e-01
1.676253080368041992e-01
1.901739239692687988e-01
1.751343309879302979e-01
1.892146915197372437e-01
1.871144324541091919e-01
1.857132911682128906e-01
1.873224377632141113e-01
1.928094327449798584e-01
1.693206429481506348e-01
1.886254847049713135e-01
1.827321648597717285e-01
1.877033561468124390e-01
2.028875648975372314e-01
1.915641427040100098e-01
1.968982219696044922e-01
1.748017668724060059e-01
1.780935227870941162e-01
1.786058694124221802e-01
2.099743783473968506e-01
2.104418873786926270e-01
1.805008798837661743e-01
1.878326833248138428e-01
2.055965960025787354e-01
1.818869858980178833e-01
2.039934545755386353e-01
2.102393209934234619e-01
1.892726272344589233e-01
2.044146358966827393e-01
1.953644007444381714e-01
1.980207711458206177e-01
1.833962649106979370e-01
1.816122829914093018e-01
1.732948273420333862e-01
1.907578557729721069e-01
2.155840694904327393e-01
1.812442392110824585e-01
1.814416497945785522e-01
2.050484269857406616e-01
2.064911872148513794e-01
1.866601109504699707e-01
1.908020675182342529e-01
1.647257357835769653e-01
1.669169217348098755e-01
1.872055679559707642e-01
1.893284320831298828e-01
2.054408490657806396e-01
1.953105628490447998e-01
2.010218352079391479e-01
2.041794210672378540e-01
1.658417731523513794e-01
1.653942465782165527e-01
1.956755071878433228e-01
1.700363606214523315e-01
1.901766061782836914e-01
1.977822780609130859e-01
1.778350919485092163e-01
2.081873267889022827e-01
1.950833201408386230e-01
1.820697337388992310e-01
1.801633834838867188e-01
1.768193691968917847e-01
2.063108235597610474e-01
2.028152644634246826e-01
1.612304598093032837e-01
1.940506696701049805e-01
1.838342547416687012e-01
2.012210935354232788e-01
1.854940503835678101e-01
1.671985685825347900e-01
1.891334354877471924e-01
1.898270696401596069e-01
1.596643030643463135e-01
1.851923763751983643e-01
1.935374885797500610e-01
1.854623407125473022e-01
1.843378096818923950e-01
1.882481873035430908e-01
2.070785462856292725e-01
1.663816124200820923e-01
1.800026595592498779e-01
1.980371773242950439e-01
1.915166527032852173e-01
1.837265342473983765e-01
1.888021677732467651e-01
1.952966004610061646e-01
1.833487004041671753e-01
1.667032837867736816e-01
1.894928216934204102e-01
1.638091206550598145e-01
2.097471207380294800e-01
2.041254043579101562e-01
1.970501542091369629e-01
1.816984564065933228e-01
1.912115812301635742e-01
1.940923929214477539e-01
1.688783913850784302e-01
2.148252278566360474e-01
1.646847277879714966e-01
1.758431345224380493e-01
2.084856182336807251e-01
1.833791732788085938e-01
1.926154494285583496e-01
1.952941119670867920e-01
1.709443032741546631e-01
1.838614195585250854e-01
1.860068887472152710e-01
1.813981682062149048e-01
1.613370329141616821e-01
1.726209968328475952e-01
1.783827692270278931e-01
1.938049793243408203e-01
2.148134112358093262e-01
1.840332001447677612e-01
1.902692168951034546e-01
2.128723710775375366e-01
1.814572960138320923e-01
2.059948444366455078e-01
1.676157712936401367e-01
1.675107628107070923e-01
1.767580509185791016e-01
1.683861017227172852e-01
1.712202131748199463e-01
2.021543979644775391e-01
1.907785236835479736e-01
2.041200250387191772e-01
1.881281733512878418e-01
1.872796863317489624e-01
2.081131488084793091e-01
1.825563162565231323e-01
1.800703555345535278e-01
1.861561983823776245e-01
1.789178401231765747e-01
1.906662434339523315e-01
1.873769909143447876e-01
1.857095658779144287e-01
2.032834589481353760e-01
1.893077045679092407e-01
2.200237661600112915e-01
1.784596443176269531e-01
1.855775117874145508e-01
2.050128728151321411e-01
1.768310070037841797e-01
1.881836950778961182e-01
2.042772471904754639e-01
1.925509721040725708e-01
2.119012773036956787e-01
1.784811019897460938e-01
1.751209944486618042e-01
1.709531992673873901e-01
1.833844631910324097e-01
1.674754172563552856e-01
1.820108592510223389e-01
1.633172631263732910e-01
1.665977388620376587e-01
2.151999920606613159e-01
1.696179658174514771e-01
1.771710962057113647e-01
1.906149238348007202e-01
2.130053639411926270e-01
1.847243160009384155e-01
1.603257507085800171e-01
1.668903231620788574e-01
1.797643005847930908e-01
1.935771852731704712e-01
1.798405945301055908e-01
1.851739138364791870e-01
1.687044054269790649e-01
2.021140605211257935e-01
1.838405579328536987e-01
1.747263371944427490e-01
1.929102838039398193e-01
1.825063079595565796e-01
1.778850257396697998e-01
2.008468061685562134e-01
1.866521090269088745e-01
1.793374866247177124e-01
1.845117956399917603e-01
1.784057170152664185e-01
1.839127242565155029e-01
1.865274608135223389e-01
1.916802376508712769e-01
2.016943693161010742e-01
2.127323895692825317e-01
2.030448615550994873e-01
1.805134266614913940e-01
2.128214389085769653e-01
1.820961683988571167e-01
1.894446462392807007e-01
2.145194858312606812e-01
2.027499228715896606e-01
1.761382967233657837e-01
1.806970387697219849e-01
1.834367364645004272e-01
1.787165701389312744e-01
1.958382278680801392e-01
1.989348381757736206e-01
1.659338176250457764e-01
1.804041415452957153e-01
1.937850862741470337e-01
1.896730214357376099e-01
1.914674639701843262e-01
1.760835796594619751e-01
1.730006039142608643e-01
2.134404927492141724e-01
1.942082494497299194e-01
1.778477579355239868e-01
1.901072859764099121e-01
1.724317967891693115e-01
1.660819947719573975e-01
1.790141612291336060e-01
1.852795630693435669e-01
1.802532076835632324e-01
1.822837740182876587e-01
1.736206114292144775e-01
1.622096300125122070e-01
1.826489120721817017e-01
1.853405535221099854e-01
1.914373189210891724e-01
1.761413812637329102e-01
1.928690671920776367e-01
1.821783632040023804e-01
1.759667694568634033e-01
1.828275173902511597e-01
1.846314370632171631e-01
1.817955374717712402e-01
1.795522421598434448e-01
1.870364844799041748e-01
2.050870060920715332e-01
1.751688122749328613e-01
1.874862760305404663e-01
1.867941170930862427e-01
1.834351271390914917e-01
2.056272029876708984e-01
1.776413768529891968e-01
2.081906348466873169e-01
1.857732534408569336e-01
1.869403868913650513e-01
2.126458883285522461e-01
1.748256683349609375e-01
1.827563047409057617e-01
1.832867413759231567e-01
2.041623592376708984e-01
1.769511252641677856e-01
1.789242923259735107e-01
1.975936591625213623e-01
1.769342720508575439e-01
1.985562592744827271e-01
1.700490862131118774e-01
1.927573233842849731e-01
1.838122010231018066e-01
1.774679720401763916e-01
1.637932509183883667e-01
1.809024363756179810e-01
2.257802039384841919e-01
1.881203055381774902e-01
1.981560438871383667e-01
1.884979307651519775e-01
1.746383458375930786e-01
1.777402609586715698e-01
1.854899376630783081e-01
1.819508373737335205e-01
1.989290416240692139e-01
1.857429444789886475e-01
1.792486608028411865e-01
1.807270795106887817e-01
1.937316656112670898e-01
1.797074377536773682e-01
1.844687908887863159e-01
1.813468188047409058e-01
1.861656308174133301e-01
2.096419185400009155e-01
1.835485398769378662e-01
1.832188963890075684e-01
1.754463165998458862e-01
1.939846724271774292e-01
2.082884609699249268e-01
1.929163783788681030e-01
1.758379191160202026e-01
2.029394358396530151e-01
2.095645815134048462e-01
1.813355386257171631e-01
1.750615090131759644e-01
1.709383428096771240e-01
1.818183213472366333e-01
1.991647183895111084e-01
1.817765086889266968e-01
1.801736354827880859e-01
1.653829365968704224e-01
1.845642328262329102e-01
1.770174205303192139e-01
1.794141381978988647e-01
1.664845645427703857e-01
1.747239679098129272e-01
1.863327175378799438e-01
2.045080065727233887e-01
1.835979968309402466e-01
1.940947771072387695e-01
1.796714812517166138e-01
1.950176507234573364e-01
1.894746422767639160e-01
1.910588890314102173e-01
1.737963259220123291e-01
1.969078183174133301e-01
1.592989712953567505e-01
1.836495995521545410e-01
1.725085973739624023e-01
1.717885434627532959e-01
1.587967276573181152e-01
1.921182572841644287e-01
1.782188266515731812e-01
1.819391995668411255e-01
1.607208549976348877e-01
1.817528456449508667e-01
1.786068677902221680e-01
1.799580901861190796e-01
1.787378638982772827e-01
1.595029383897781372e-01
1.991186141967773438e-01
1.772654801607131958e-01
1.814800053834915161e-01
1.684575974941253662e-01
1.868356615304946899e-01
1.679335683584213257e-01
2.097333222627639771e-01
1.721523106098175049e-01
1.673297286033630371e-01
1.746115535497665405e-01
1.775228679180145264e-01
2.002071738243103027e-01
1.610739231109619141e-01
1.856499463319778442e-01
1.895284801721572876e-01
1.831302046775817871e-01
2.064166218042373657e-01
1.737221628427505493e-01
1.847299188375473022e-01
1.671692430973052979e-01
1.671796590089797974e-01
1.713717430830001831e-01
1.866937875747680664e-01
1.832249313592910767e-01
1.800905317068099976e-01
1.634142100811004639e-01
1.984018087387084961e-01
1.630364656448364258e-01
1.630094498395919800e-01
1.851264685392379761e-01
1.818678379058837891e-01
2.032313644886016846e-01
1.780798733234405518e-01
1.800425350666046143e-01
1.877252608537673950e-01
1.773281097412109375e-01
1.895306259393692017e-01
1.789867430925369263e-01
1.833379864692687988e-01
1.817238330841064453e-01
1.898747384548187256e-01
1.861713081598281860e-01
1.926554739475250244e-01
1.756230592727661133e-01
1.785767376422882080e-01
1.784764826297760010e-01
1.842229366302490234e-01
1.896312832832336426e-01
1.678076237440109253e-01
1.772253811359405518e-01
1.838217526674270630e-01
1.774917244911193848e-01
1.736599802970886230e-01
1.711897701025009155e-01
2.013371586799621582e-01
1.783544272184371948e-01
1.773462742567062378e-01
1.715573221445083618e-01
1.742202490568161011e-01
1.765708476305007935e-01
1.831784397363662720e-01
3.010078072547912598e-01
2.739107608795166016e-01
2.315248250961303711e-01
2.230295091867446899e-01
2.581516802310943604e-01
2.200225144624710083e-01
2.157521098852157593e-01
1.897412687540054321e-01
1.885154098272323608e-01
1.813606023788452148e-01
2.074089348316192627e-01
1.688755750656127930e-01
1.777880638837814331e-01
1.823323369026184082e-01
1.835460364818572998e-01
1.832104325294494629e-01
1.715495437383651733e-01
1.779848635196685791e-01
1.867415308952331543e-01
1.973106712102890015e-01
2.035147398710250854e-01
1.916249543428421021e-01
2.032148987054824829e-01
1.812261343002319336e-01
1.780570298433303833e-01
1.738702654838562012e-01
2.120053917169570923e-01
1.742765158414840698e-01
2.014856338500976562e-01
1.665618121623992920e-01
1.817435026168823242e-01
1.879049688577651978e-01
1.756311208009719849e-01
1.604552865028381348e-01
1.776286959648132324e-01
1.777377128601074219e-01
1.611592918634414673e-01
1.888816356658935547e-01
1.628924757242202759e-01
1.653349548578262329e-01
1.788171976804733276e-01
1.799651533365249634e-01
1.557468473911285400e-01
1.753200739622116089e-01
1.696485877037048340e-01
1.964793503284454346e-01
1.851577311754226685e-01
1.830365210771560669e-01
1.860294193029403687e-01
1.628773808479309082e-01
1.799069195985794067e-01
1.837800741195678711e-01
1.598475277423858643e-01
1.619470417499542236e-01
1.771990507841110229e-01
1.560243666172027588e-01
1.737701445817947388e-01
1.817151308059692383e-01
1.613747626543045044e-01
1.765264421701431274e-01
1.896817684173583984e-01
2.012797445058822632e-01
1.791608333587646484e-01
1.810006350278854370e-01
1.800706535577774048e-01
1.842920184135437012e-01
2.023758441209793091e-01
1.754842251539230347e-01
1.605050116777420044e-01
1.596964150667190552e-01
1.806987822055816650e-01
1.840004026889801025e-01
1.762855350971221924e-01
1.738453507423400879e-01
1.975784003734588623e-01
1.740689426660537720e-01
1.720772087574005127e-01
1.879228204488754272e-01
1.807631701231002808e-01
1.810994297266006470e-01
1.778136789798736572e-01
1.961420029401779175e-01
1.719211339950561523e-01
1.784395426511764526e-01
1.770452260971069336e-01
1.951984018087387085e-01
1.810160726308822632e-01
1.915351301431655884e-01
1.934970915317535400e-01
1.805015653371810913e-01
1.903191059827804565e-01
1.766012609004974365e-01
1.876698434352874756e-01
1.789030730724334717e-01
1.817862242460250854e-01
1.972074508666992188e-01
1.781219244003295898e-01
1.989444643259048462e-01
1.798833012580871582e-01
2.029736191034317017e-01
1.807673722505569458e-01
1.744783967733383179e-01
1.855485588312149048e-01
1.961731910705566406e-01
1.794615834951400757e-01
2.084727287292480469e-01
1.913028061389923096e-01
1.822250187397003174e-01
1.614174246788024902e-01
1.725300848484039307e-01
1.637542396783828735e-01
1.820738911628723145e-01
1.774965673685073853e-01
1.795011758804321289e-01
1.823901534080505371e-01
1.742217391729354858e-01
2.053682208061218262e-01
2.022782117128372192e-01
1.623453050851821899e-01
1.678965687751770020e-01
1.677865386009216309e-01
1.922872811555862427e-01
1.833972632884979248e-01
1.669597178697586060e-01
1.676098108291625977e-01
1.839026957750320435e-01
1.793912351131439209e-01
1.666466146707534790e-01
1.754000186920166016e-01
1.759472191333770752e-01
1.880818754434585571e-01
1.809717267751693726e-01
1.860756129026412964e-01
1.902559846639633179e-01
1.719209551811218262e-01
1.623308658599853516e-01
1.790032982826232910e-01
1.865343451499938965e-01
1.695011407136917114e-01
1.784318983554840088e-01
1.762171834707260132e-01
1.750774979591369629e-01
2.057967036962509155e-01
1.887868791818618774e-01
1.943128556013107300e-01
1.790387332439422607e-01
1.837773770093917847e-01
1.780491024255752563e-01
1.755121350288391113e-01
1.715437769889831543e-01
1.818308234214782715e-01
1.817703247070312500e-01
1.790152192115783691e-01
1.727436631917953491e-01
1.966723203659057617e-01
1.825713515281677246e-01
1.899388432502746582e-01
1.846514940261840820e-01
1.862997561693191528e-01
1.717288494110107422e-01
1.666088849306106567e-01
1.854512244462966919e-01
1.913177669048309326e-01
1.801313012838363647e-01
1.711232215166091919e-01
1.831716150045394897e-01
2.108017206192016602e-01
1.650252044200897217e-01
1.847419589757919312e-01
1.777284741401672363e-01
2.035101503133773804e-01
1.717549264430999756e-01
1.945712864398956299e-01
1.842143237590789795e-01
1.711301207542419434e-01
1.648205071687698364e-01
1.658707261085510254e-01
1.709528267383575439e-01
1.779982894659042358e-01
1.732508093118667603e-01
1.759904921054840088e-01
1.687475591897964478e-01
1.755139231681823730e-01
1.932925879955291748e-01
1.791404485702514648e-01
1.546731591224670410e-01
1.836508959531784058e-01
1.758704036474227905e-01
1.772278696298599243e-01
1.858248561620712280e-01
1.691332757472991943e-01
1.750935018062591553e-01
1.599927842617034912e-01
1.873504966497421265e-01
1.641945987939834595e-01
1.633375883102416992e-01
1.728840321302413940e-01
1.741776317358016968e-01
1.809315383434295654e-01
1.703398972749710083e-01
1.769117563962936401e-01
2.042880058288574219e-01
1.808074414730072021e-01
1.919211000204086304e-01
1.744655817747116089e-01
1.818050742149353027e-01
1.827641874551773071e-01
1.628718525171279907e-01
1.907693147659301758e-01
1.756650209426879883e-01
1.721463352441787720e-01
1.843404918909072876e-01
1.718185693025588989e-01
1.884331405162811279e-01
1.811909079551696777e-01
1.733520179986953735e-01
1.692340224981307983e-01
1.726695150136947632e-01
1.698673218488693237e-01
1.685437411069869995e-01
1.756104677915573120e-01
1.977054178714752197e-01
1.880297809839248657e-01
1.748527586460113525e-01
1.789154112339019775e-01
1.750580370426177979e-01
1.583176553249359131e-01
1.697014868259429932e-01
1.575216501951217651e-01
1.575527489185333252e-01
1.883280575275421143e-01
1.727724075317382812e-01
1.710902601480484009e-01
1.866221725940704346e-01
1.997921913862228394e-01
1.893282532691955566e-01
1.755906939506530762e-01
1.760371625423431396e-01
1.697140336036682129e-01
1.838378608226776123e-01
1.972412317991256714e-01
1.767919510602951050e-01
1.734535694122314453e-01
1.800869405269622803e-01
1.559084057807922363e-01
1.755539476871490479e-01
1.892114132642745972e-01
1.699066013097763062e-01
1.876236349344253540e-01
1.727266907691955566e-01
1.978049427270889282e-01
1.816290467977523804e-01
1.699209213256835938e-01
1.708552986383438110e-01
1.735318303108215332e-01
1.773295849561691284e-01
1.768802404403686523e-01
1.730811744928359985e-01
1.960017234086990356e-01
1.690061837434768677e-01
1.792069673538208008e-01
1.764806509017944336e-01
1.839209645986557007e-01
1.749470084905624390e-01
1.745338588953018188e-01
1.814304441213607788e-01
1.719466894865036011e-01
1.586285382509231567e-01
1.854981631040573120e-01
1.721946001052856445e-01
1.841056346893310547e-01
1.762390285730361938e-01
1.929489374160766602e-01
1.637192517518997192e-01
1.689253896474838257e-01
1.580034196376800537e-01
1.985164582729339600e-01
1.725055426359176636e-01
1.702649295330047607e-01
1.886822581291198730e-01
1.781101375818252563e-01
1.737996190786361694e-01
1.779327541589736938e-01
1.669042408466339111e-01
1.861436367034912109e-01
1.971226036548614502e-01
1.730587333440780640e-01
1.780748963356018066e-01
1.780522465705871582e-01
1.753977984189987183e-01
1.577195227146148682e-01
1.900862008333206177e-01
1.730320900678634644e-01
1.658526957035064697e-01
1.779397726058959961e-01
1.544906198978424072e-01
1.805297583341598511e-01
1.731168031692504883e-01
1.660206764936447144e-01
1.702188104391098022e-01
1.578271389007568359e-01
1.834624856710433960e-01
1.919548064470291138e-01
1.539636105298995972e-01
1.829531490802764893e-01
1.719783842563629150e-01
1.643088012933731079e-01
1.791866421699523926e-01
1.546390801668167114e-01
1.711171269416809082e-01
1.787687242031097412e-01
1.784313321113586426e-01
1.813855171203613281e-01
1.791254132986068726e-01
1.870780289173126221e-01
1.773233562707901001e-01
1.683883368968963623e-01
1.544938534498214722e-01
1.584411561489105225e-01
1.753886491060256958e-01
1.965233981609344482e-01
1.687070429325103760e-01
1.712730377912521362e-01
1.836713999509811401e-01
1.766044646501541138e-01
2.025658190250396729e-01
1.993419677019119263e-01
1.586419790983200073e-01
1.586453467607498169e-01
1.929924637079238892e-01
1.918262094259262085e-01
1.543795168399810791e-01
1.792496889829635620e-01
1.799246221780776978e-01
1.906196922063827515e-01
1.573964953422546387e-01
1.887984275817871094e-01
1.739503592252731323e-01
1.722333580255508423e-01
2.055383771657943726e-01
1.687462776899337769e-01
1.785390228033065796e-01
1.816691756248474121e-01
1.816571205854415894e-01
1.582724601030349731e-01
1.785043776035308838e-01
1.859841346740722656e-01
1.768365800380706787e-01
1.871048808097839355e-01
1.692233383655548096e-01
1.675155758857727051e-01
1.701354980468750000e-01
1.607918292284011841e-01
1.882565170526504517e-01
1.774770170450210571e-01
1.741719990968704224e-01
1.643586009740829468e-01
1.735107004642486572e-01
1.724475771188735962e-01
1.660537421703338623e-01
1.555072665214538574e-01
1.740709990262985229e-01
1.593504697084426880e-01
1.562306433916091919e-01
1.654123067855834961e-01
1.731632947921752930e-01
1.778562366962432861e-01
1.821922957897186279e-01
1.670021563768386841e-01
1.625380963087081909e-01
1.772112399339675903e-01
1.678809076547622681e-01
1.784148365259170532e-01
1.900326758623123169e-01
1.700795143842697144e-01
1.715132296085357666e-01
1.767352223396301270e-01
1.744546890258789062e-01
1.754529178142547607e-01
1.742838919162750244e-01
1.723406761884689331e-01
1.884377151727676392e-01
1.641603261232376099e-01
1.703477352857589722e-01
1.982613950967788696e-01
1.729428768157958984e-01
1.702875494956970215e-01
1.704941987991333008e-01
1.679828613996505737e-01
1.761099100112915039e-01
1.631056666374206543e-01
1.772378683090209961e-01
1.829708069562911987e-01
1.717276573181152344e-01
1.714415103197097778e-01
1.896727383136749268e-01
1.721881330013275146e-01
1.598550379276275635e-01
1.931914389133453369e-01
1.714377254247665405e-01
2.006915509700775146e-01
1.819361001253128052e-01
1.651034653186798096e-01
1.952328532934188843e-01
1.580416262149810791e-01
1.688746213912963867e-01
1.909825801849365234e-01
1.789013594388961792e-01
1.704978197813034058e-01
1.776335984468460083e-01
2.011647820472717285e-01
1.598210036754608154e-01
1.919113695621490479e-01
1.570924669504165649e-01
1.790970414876937866e-01
1.733559072017669678e-01
2.022311389446258545e-01
1.928207576274871826e-01
1.545007228851318359e-01
1.864035725593566895e-01
1.782397031784057617e-01
1.528139412403106689e-01
1.713873445987701416e-01
1.581844240427017212e-01
1.526727080345153809e-01
1.816061735153198242e-01
1.771343648433685303e-01
1.736822724342346191e-01
1.741656064987182617e-01
1.721684932708740234e-01
1.674343347549438477e-01
1.764168888330459595e-01
1.708969920873641968e-01
1.788634657859802246e-01
1.781916767358779907e-01
1.709660291671752930e-01
1.712977290153503418e-01
1.859700083732604980e-01
1.739083975553512573e-01
1.757255941629409790e-01
1.578128039836883545e-01
1.718552559614181519e-01
1.776678413152694702e-01
1.602578014135360718e-01
1.767700165510177612e-01
1.583091020584106445e-01
1.705576181411743164e-01
1.860190033912658691e-01
1.725214123725891113e-01
1.774564385414123535e-01
1.674257218837738037e-01
1.679587066173553467e-01
1.726478934288024902e-01
1.898060142993927002e-01
1.807807683944702148e-01
1.551247537136077881e-01
1.725834310054779053e-01
1.774199008941650391e-01
1.629567146301269531e-01
1.749555766582489014e-01
1.715030670166015625e-01
1.772872060537338257e-01
1.762802749872207642e-01
1.704828292131423950e-01
1.711740046739578247e-01
1.617603600025177002e-01
1.780806928873062134e-01
1.848612278699874878e-01
1.695424318313598633e-01
1.743259280920028687e-01
1.771457642316818237e-01
1.715367138385772705e-01
1.688281744718551636e-01
1.738142073154449463e-01
1.776027232408523560e-01
1.867581903934478760e-01
1.506187617778778076e-01
1.784445345401763916e-01
1.766953170299530029e-01
1.597705930471420288e-01
1.727233082056045532e-01
1.773293465375900269e-01
1.703688502311706543e-01
1.868021041154861450e-01
1.755084097385406494e-01
1.671054661273956299e-01
1.749935448169708252e-01
1.802077144384384155e-01
1.660975664854049683e-01
1.700710505247116089e-01
1.746188998222351074e-01
1.875025629997253418e-01
1.667382717132568359e-01
1.621400862932205200e-01
1.857236921787261963e-01
1.730122864246368408e-01
1.685711443424224854e-01
1.837589591741561890e-01
1.566076278686523438e-01
1.711565554141998291e-01
1.959001570940017700e-01
1.812229007482528687e-01
1.681796461343765259e-01
1.727898567914962769e-01
1.582501530647277832e-01
1.557861566543579102e-01
1.662203669548034668e-01
1.805108636617660522e-01
1.842442154884338379e-01
1.748717129230499268e-01
1.715591251850128174e-01
1.696695089340209961e-01
1.734630763530731201e-01
1.845121830701828003e-01
1.669070869684219360e-01
1.944440603256225586e-01
1.687612831592559814e-01
1.683239638805389404e-01
1.763374507427215576e-01
1.710482835769653320e-01
1.537366062402725220e-01
1.949450820684432983e-01
1.703553348779678345e-01
1.718583852052688599e-01
1.783114075660705566e-01
1.698958277702331543e-01
1.687714606523513794e-01
1.721770912408828735e-01
1.886912733316421509e-01
1.708125025033950806e-01
1.953593492507934570e-01
1.928453743457794189e-01
1.762131452560424805e-01
1.727680563926696777e-01
1.651175320148468018e-01
1.661891043186187744e-01
1.794408857822418213e-01
1.711262017488479614e-01
1.716716885566711426e-01
1.907138079404830933e-01
1.918202191591262817e-01
1.613698750734329224e-01
1.743918657302856445e-01
1.713137775659561157e-01
1.925048381090164185e-01
1.692106872797012329e-01
2.022197693586349487e-01
1.644672453403472900e-01
1.719222068786621094e-01
1.699351668357849121e-01
1.724345684051513672e-01
1.539333909749984741e-01
1.685715168714523315e-01
1.664066612720489502e-01
1.693254411220550537e-01
1.813959479331970215e-01
1.785107851028442383e-01
1.829788684844970703e-01
1.724853515625000000e-01
1.787594407796859741e-01
1.733999252319335938e-01
1.570185124874114990e-01
1.687159687280654907e-01
1.750978827476501465e-01
1.689178496599197388e-01
1.563400030136108398e-01
1.874483674764633179e-01
1.728994101285934448e-01
2.073489278554916382e-01
1.874513775110244751e-01
1.646195799112319946e-01
1.690055727958679199e-01
1.771281808614730835e-01
1.657405495643615723e-01
1.983564794063568115e-01
1.877552419900894165e-01
1.783268898725509644e-01
1.717015355825424194e-01
1.531323641538619995e-01
1.826831549406051636e-01
1.571281403303146362e-01
1.772697418928146362e-01
1.979270428419113159e-01
1.905301362276077271e-01
1.742914319038391113e-01
1.646423935890197754e-01
1.735070943832397461e-01
1.777151226997375488e-01
1.777948141098022461e-01
1.749026924371719360e-01
1.739757508039474487e-01
1.687422394752502441e-01
1.772965937852859497e-01
1.780504286289215088e-01
1.738331168889999390e-01
1.709173470735549927e-01
1.784049570560455322e-01
1.884869188070297241e-01
1.681090295314788818e-01
1.729312688112258911e-01
1.764291226863861084e-01
1.661204993724822998e-01
1.910239160060882568e-01
1.847688704729080200e-01
1.761508435010910034e-01
1.781475692987442017e-01
1.746995449066162109e-01
1.760851889848709106e-01
1.652496606111526489e-01
1.903854012489318848e-01
1.804971694946289062e-01
1.712303459644317627e-01
1.561487466096878052e-01
1.685685366392135620e-01
1.855885237455368042e-01
1.894624382257461548e-01
1.892358213663101196e-01
1.795945763587951660e-01
1.686633080244064331e-01
1.583288908004760742e-01
1.943323612213134766e-01
1.683911830186843872e-01
1.782555580139160156e-01
1.708949804306030273e-01
1.698926836252212524e-01
1.797021180391311646e-01
1.846905052661895752e-01
1.711714267730712891e-01
1.775825470685958862e-01
1.790957301855087280e-01
1.895727068185806274e-01
1.739670336246490479e-01
1.684141308069229126e-01
1.569959521293640137e-01
1.649498045444488525e-01
1.723202764987945557e-01
1.716439872980117798e-01
1.830764859914779663e-01
1.763181984424591064e-01
1.772181391716003418e-01
1.754544377326965332e-01
1.975422054529190063e-01
1.713206619024276733e-01
1.714589148759841919e-01
1.779724955558776855e-01
1.768325120210647583e-01
1.753080189228057861e-01
1.810014247894287109e-01
1.862591654062271118e-01
1.680183112621307373e-01
1.728079468011856079e-01
1.687467098236083984e-01
1.875967830419540405e-01
1.714936196804046631e-01
1.772895008325576782e-01
1.765638142824172974e-01
1.786339879035949707e-01
1.810045093297958374e-01
1.693729162216186523e-01
1.627874374389648438e-01
1.657887250185012817e-01
1.658678352832794189e-01
1.704604476690292358e-01
1.536539196968078613e-01
1.994802206754684448e-01
1.774544864892959595e-01
1.975646913051605225e-01
1.901375353336334229e-01
1.695341169834136963e-01
1.626138836145401001e-01
1.640138775110244751e-01
1.543625146150588989e-01
1.685859262943267822e-01
1.624160110950469971e-01
1.751645803451538086e-01
1.708959341049194336e-01
1.668991148471832275e-01
1.697294414043426514e-01
1.687695384025573730e-01
1.765354573726654053e-01
1.956762522459030151e-01
1.918378770351409912e-01
1.666677445173263550e-01
1.727350205183029175e-01
1.671725213527679443e-01
1.664185523986816406e-01
1.840246021747589111e-01
1.593123078346252441e-01
1.975428909063339233e-01
1.674914658069610596e-01
1.636535078287124634e-01
1.736553162336349487e-01
1.698762476444244385e-01
1.686938554048538208e-01
1.718247234821319580e-01
1.607475876808166504e-01
1.660465449094772339e-01
1.835890263319015503e-01
1.644969284534454346e-01
1.994299888610839844e-01
1.904674023389816284e-01
1.729643940925598145e-01
1.705379039049148560e-01
1.763032674789428711e-01
1.800941526889801025e-01
1.676040440797805786e-01
1.865376383066177368e-01
1.653915196657180786e-01
1.667377650737762451e-01
1.896755248308181763e-01
1.577149778604507446e-01
1.734090894460678101e-01
1.896830648183822632e-01
1.682125180959701538e-01
1.630935072898864746e-01
1.570067405700683594e-01
1.916924118995666504e-01
1.715391129255294800e-01
1.652832478284835815e-01
1.885914802551269531e-01
1.722894757986068726e-01
1.627849638462066650e-01
1.694995164871215820e-01
1.537228971719741821e-01
1.794796139001846313e-01
1.718748062849044800e-01
1.575908958911895752e-01
1.563059389591217041e-01
1.808159649372100830e-01
1.656939834356307983e-01
1.849665790796279907e-01
1.795461028814315796e-01
1.812397092580795288e-01
1.891064792871475220e-01
1.748996973037719727e-01
1.716254502534866333e-01
1.735517978668212891e-01
1.879846006631851196e-01
1.547455191612243652e-01
1.666667312383651733e-01
1.721994876861572266e-01
1.557653099298477173e-01
1.667476445436477661e-01
1.604129076004028320e-01
1.633499860763549805e-01
1.729425638914108276e-01
1.648310571908950806e-01
1.723015755414962769e-01
1.731203794479370117e-01
1.760670095682144165e-01
1.527418047189712524e-01
1.602019667625427246e-01
1.896277517080307007e-01
1.675430387258529663e-01
1.929448992013931274e-01
1.669483035802841187e-01
1.685171574354171753e-01
1.798238307237625122e-01
1.718207746744155884e-01
1.512050032615661621e-01
1.600738912820816040e-01
1.964585483074188232e-01
1.877963542938232422e-01
1.683925092220306396e-01
1.714289635419845581e-01
1.538749784231185913e-01
1.578755825757980347e-01
1.810090988874435425e-01
